	18	19	20	21	22	23	24	25	26	27	28	29	30	31	32	33	34	35	36	37	38	39	40	41	42	43	44	45	46	47	48	49	50	51	52	53	54	55	56	57	58	59	60	61	62	63	64	65
1415670_at	11895.2	12898	11911.3	10194.2	11634.3	9322.2	11362.2	9880.3	11402.3	9936.2	8346.8	9777.8	10107.9	6893.2	7986.2	8590.2	8712	9665.2	9078.2	8135.7	9414.7	11632.1	12177.2	11827.4	12872.9	13042.2	11006.8	11218.4	9310.2	10006	8614.1	9586.7	11399.3	10281.4	9697.8	9230.4	9170.1	11266	7142.2	8505.6	8349	8381.1	5824.5	3483	6019.2	6851	6411.8	7820
1415671_at	19494.2	17352.1	18554.1	18380.1	19133.7	17574.4	16778.7	14786.6	17291.2	17252.2	13845.6	16773.6	18236.5	17100.1	17017.1	18457.5	16770.5	18643.4	21593.4	18788.1	19196	17665.4	18017.8	20601.3	18740.6	18799.5	15372.9	17803	12742	15122.7	13372.7	13508.2	16995.3	17309.2	16788.3	17640.6	14914.8	18605.8	15531.9	16844.5	15344	16086.7	13809.1	8143.5	10924.2	12018.7	10550.9	11479.1
1415672_at	25261.2	24843.7	23924.7	27841	24070.2	26161.9	23777.7	27511.9	21394.7	22450.8	24288.4	26018.1	26731.8	22372.5	22325.2	22496	23327.2	24087.7	24628	24849.3	23941.4	22845.7	24972.2	23458.4	26228.8	24615.8	26950.2	26918.3	27288.3	28600.2	30029.8	26277.8	27979.2	28187.1	27107.3	28682.7	28718.1	28246.7	28961.6	24636.9	24287.5	25809.7	24698.5	25566.1	23997.6	24071.2	24108.5	24348.4
1415673_at	3117.3	3732.7	3964.2	3111.2	3379	2959.5	2460.3	3250.3	2853	2272.1	3588.5	2691.6	2488.9	1873.1	1733.9	1710.5	2064.8	1919.4	2168.1	1793.1	2527.7	3249.1	3260.2	3329.6	3644.6	3941.5	3698.8	3136	3021	2845	2720.9	2715.2	2614.7	3513.8	2721.5	2460.8	2708.4	2291.9	2133.3	2196.5	1969.8	2050.5	1803.3	2624.6	2659	3634.8	3423.3	3396.2
1415674_a_at	5019.7	4949.6	4661.2	4852.6	4287.6	3668.6	4460.2	4930.9	3365.7	3093.2	3951.8	5614.6	6065.7	3268.9	4349.1	3656.8	5440.7	5067.7	5025.1	5582.1	4916.5	4872.6	4774	5313	4972	4694.5	5233.4	4778.8	4739.4	4481.8	4875	4508.1	5942.5	6347.5	5532.2	4553.9	5317.3	5930.1	5222.3	4589.4	5192.4	4110.9	3765.3	6053.4	5000.8	4328.9	4813.4	4720.7
1415675_at	2291.9	1924.7	1974.4	2114.4	2601.3	2184	2781.6	2603.2	2565.3	2421.2	2609.9	2189	2186.3	2167	2106	1908.3	2348.1	2218.4	2171.6	2274.3	1938.3	2137.2	2216.5	2004.4	2305.7	2291.1	2365.8	1937.1	1774.7	1803.1	2066.2	1607.9	2834.8	3050.2	2401.8	2359.7	1877.4	2236.5	2134	2087.5	2009.1	2241.3	1697.9	1326.7	1811.8	1769.1	1783.4	1468.4
1415676_a_at	31688.7	32265.8	34335.7	32932.3	34843.3	28885.1	26908.4	28641.3	26995.8	29937.8	32894.9	32400.3	33468.2	26061.7	25781	24484.8	29700.4	31629	32161	25680.3	30214.7	30615.6	29359.2	31013.8	29693.3	30872.1	31731.8	29375.5	27477.8	26425.6	27255.6	25612.9	26964.2	31729.2	30122.4	29672.8	30557	31526.8	28678.8	27739.9	29046.2	27575.5	22442.2	30971.1	34149.9	27363.1	28907.8	28414.9
1415677_at	32270.2	32399.8	30527.7	33447	28200.7	26104.6	24098.6	27367.5	17303.9	17192.4	18305.2	29987.3	28857.8	18378.8	22644.6	22858.7	26571.7	27955.2	30859	23938.6	25329.6	28112	28373	31100.6	30148.2	36641.2	31205.2	32873.6	27300.8	28790.9	29360.9	27517	25301.8	30533.4	32521.7	27254.6	27873.2	30432.2	25450.2	25876.3	26964.2	27667.4	20854.1	18330.5	19597.7	22525.9	24927.5	28151.8
1415678_at	12132.3	12016.1	12976.3	11842.6	11746.3	12261.7	11203.4	9859.5	11791.3	13934.8	13435.6	12962.6	14130.5	15687.7	15616.2	14913.9	16606.3	16124.5	16905	16035.1	16454.2	12693.5	12152.3	13127.1	11024.7	11164.6	12508.1	11732.7	11165	12323.5	10858.3	11635.9	10882.5	12959.4	13220.6	14594.3	13816.4	13517.8	16225	15614.2	14951.8	15965.5	19533.7	18337.7	15438.6	12501.7	12366.2	12498.1
1415679_at	27906.8	24578	28547.9	25954.4	27405	28009.8	26748.6	26927.5	23337.6	25312.5	27580.3	26473.5	28164	25583.9	27012.6	25628.8	28332.6	29554	27519.3	27631.9	29510.5	29354	26687.8	26010.3	27006.8	26303.5	26669.2	25293.1	27089.1	25255.3	26925	24807.5	25732.6	27631.5	26784.6	26461.6	26252.1	28905.7	27137	27175.1	26775.4	26052	25142.1	28299.5	28715.4	25642.2	27471.2	27649.7
1415680_at	4213.7	3803.1	4142	3671.7	4110.5	3930.1	4336.3	3128.7	4498.3	4249.8	4238.2	3936.1	3804.3	4242.1	4079.7	3252.3	4084.6	4041	4102.6	3758	4067.5	3643.2	3241.5	3195.9	3093.3	3526.3	3200.3	3001.3	3009.7	2917.4	2690.8	3268.6	3718.5	3556.3	3912.3	4308.7	3595.5	4375.3	3549.7	3688.3	2765.6	3921.9	2715.5	1726.4	2037.1	2404.7	2423.9	2175.5
1415681_at	8878.6	9436.8	8766.3	8393	8589.7	8600.3	8034.7	8860.5	8008	7255.2	7783.8	8970	9068.1	7186.1	7111.9	6934.9	9978.2	10337.4	9848.4	9466.8	9618.7	8086.6	8649.5	8572.4	8221.4	8506.7	6947.5	7510.2	6418.1	7304.9	7203.5	7023.4	8367.1	9409.4	9385.2	8131.9	7326.7	8480.6	7837.7	7663.5	7983.7	7907.4	6879.6	6609.4	7128.7	6090	6268.6	5869.3
1415682_at	3601.8	3210.2	3474.7	2855.6	4033.9	3332.7	2999.9	2635.8	3417.5	3509.6	2649.6	3149.2	3104.6	2964.4	2740.3	2966.1	2682.6	3093.3	3251.1	2859.3	2636.3	2340.6	3101.6	3063.1	3266	2856.3	2829.5	2939.6	2076.2	2495.5	1898.2	2101.7	2876.8	2635.3	2477.2	2696.3	2702.2	3361.8	2838.5	2580.6	2822.5	2812.2	2468.6	1775.4	2344.2	1703	2319.7	1755.4
1415683_at	16855.4	16630.5	16138.6	16948.4	18066.2	16682.7	16610.8	16413.1	16910.3	18836.9	18871.5	18321.8	17965.9	15860.1	16355.2	17705	19309.5	19432.6	19584.1	17829.4	17012	17458	15619.9	15211.4	16573	17659.2	15899.7	15486.1	16287.3	14970.3	15372	17179.5	20014.8	20103.1	19308.7	19212.8	18083.5	20151.9	17679.6	16621.2	18110	17412.7	14176.4	12408.5	14062.3	13023.7	14277.4	16087.2
1415684_at	9315.4	9724.3	12712.8	10808.8	9814.2	10709.5	9276.5	9695.3	10201.5	10083.5	11464.5	10278.7	10570.8	9934.4	8821.1	9000.2	8948.4	9530.6	10541.3	8676.5	9547.6	9987.3	10558.3	12362.6	10135.5	9972.1	12341.4	11107.4	10729.7	9335.9	9624.4	8655.5	9014.4	10829.3	9649.9	11501.5	10942.3	11735.4	10517.9	9808.5	10396.3	11380.2	11448.6	15840.2	15501.5	11274.9	12088.7	12800.6
1415685_at	6848	7668.6	8010.7	7370.6	6637.3	6330.9	7224	7538.3	8196.2	10151.5	8859.1	9202.9	8121.2	8972.3	8442.4	7487.6	9102.9	7394.7	7597.9	7290.4	7334.9	7534.9	6454.5	7254.7	8243.2	7406.9	7751.2	8212.3	7972.6	6000.9	7082	8148.6	9142.5	8595.7	9741.4	8744.6	9432.9	9357.7	9676.5	8880.4	9916.3	8032.5	8306.3	9244.8	8253	7878	8416.9	8041.1
1415686_at	10389.6	10109.4	10918	11504.3	10937.6	11603.8	10684.6	9072.2	12420.1	11241.6	9315.7	11136.4	10777.4	10790	10206.6	11768.5	11259.4	10740.4	11996	9821.2	9637.3	8839.2	9097.8	10103.8	10220.1	9672.3	10098.5	11283.8	8618.6	9131.5	9479	9915.7	11062.2	10975.5	11580.7	14012.1	11356	11912.4	12030.5	11518.6	10828.6	13291.6	12186.5	6440.4	7682.9	7117.6	6957.7	7419.2
1415687_a_at	49090.1	47491.3	46543.3	44998.1	53537.5	47879.9	44695.7	42812.5	52286.9	55710.4	35716.3	43696.7	43800.1	42523.4	51372.7	55954.4	45989.1	41789.8	51320.6	39342.2	43353.3	43411.2	42606.1	45650.1	46304.6	54122.6	38628.2	48106.6	30931.9	44711.8	40998.8	42354.8	45232.7	41176.8	46252	46282.6	43452.1	49898.4	46557.6	47248.4	44702.6	52652.1	40471.3	12186.2	17045.9	17111.7	17264.1	18111.9
1415688_at	16261.5	18329.2	17022.5	17688.5	16208.9	16503.4	16527.3	15822.5	14993.4	16242.1	16557.2	18225.6	20485.5	16242.1	17773.7	17181.2	22574.5	22016.3	20313.5	21516.4	19510.6	16441.4	15762.7	15698.3	15003.5	14591.4	14585.7	15495.9	14171.6	15310.2	15490.3	14614.9	15453.1	16343.8	17126.9	19509.9	15792.4	19201.7	18685.7	16596.6	16856.6	16691.4	16267.6	17623.8	14057.3	14794.5	13264.1	14194.7
1415689_s_at	3552.3	3209.5	3156.5	2846.6	3791.5	3501.4	3506.7	3059.4	3925	4075.5	3648.4	2936.8	2686	3007.3	2673.3	2965.2	2200.4	1845.4	1780.6	2566.3	2574.4	3107.5	2386.7	2695.5	3081.8	3306.3	3521.8	3217.9	3098	2452.7	3662.8	3231	3506.3	3665.5	3449.3	3139.8	3870.6	3377.5	2944.2	2770	2340.5	2681.3	2542.2	1873.2	3139.4	2614	2941.2	3086.6
1415690_at	35569.7	36671.7	38757.7	35489.8	37870.6	31605.2	29491.4	35234.3	32374.9	29504.9	41031.7	38925.1	38776.4	30140.7	31379.9	29655.1	37158.5	40701.2	36945.7	35913.2	36568.4	36252.7	33802.9	33186.7	32029.2	32681.4	36475.2	29531.1	32628.8	28271.6	30335.4	30707.8	30554	36993.9	32209.6	34705.1	33879.3	38061.1	33783.8	30559.2	32145.2	32562.5	33237.5	50887.7	50241.2	38113.5	40974.4	39588.5
1415691_at	3362.2	3102.2	3477.5	3319.6	4108	4047.6	4063.1	3417.2	4372.8	5048.5	4787.8	4063.6	4820.9	4687	5289.3	4807.4	4395.2	4354	4641.7	4047.5	3543	2942.6	2581.2	2905.9	2645.6	2800	2946.8	3080.8	2739.2	2813.6	3167.1	3010.4	3504.7	3665.5	4116.6	5592.8	3972.1	4896.7	4503.5	4665.2	4166.4	4479.9	3559	2305.8	2035.4	2247.4	2333.9	2466.9
1415692_s_at	80219.8	72774.3	76759.3	78840.1	80695.2	81199.6	81615.3	76166.8	79208.7	74502.9	77041.1	74674.1	89383.5	79346.7	76026.4	75655.4	75365.9	84123.5	87122.8	82868.5	84738.4	93927.5	97603.1	100201.3	83920.3	86420	81640.9	84005.2	77938.7	85530.8	82178.3	91210.3	96304.5	91449.5	88034	83562.7	90677	88798.5	84276.6	86262	83673.3	88440	78638	76244.3	82441.6	98699.7	97413.5	97375.5
1415693_at	5034.8	4798.4	5002.4	4556.1	5390.4	4542.9	4661	4707.5	5449.6	5546.8	4010.3	4710.2	4705.1	5045.5	5122.6	4794.7	4959.3	5112.6	5286.4	4189.3	4359.4	4788.7	4790.3	4594.9	5187.9	5200.6	4818.9	4777.6	4102.8	3840.7	4554.4	4762.3	5536.8	4994.6	5170.4	5768.9	4962.8	4989	4731.9	4605.5	5153.4	5163	5317.5	4278.9	3961.3	4763.7	4959.6	4428.9
1415694_at	68.7	68	68.5	68.6	67.8	69.3	68.6	69.3	100	68.4	68.7	76.6	69	68.5	68.2	69.2	76.4	68.6	68.7	69.1	68.8	69.1	69.4	69.7	69.2	95.4	69.2	69.4	52.1	69.4	68.9	69.4	88.4	69.2	68.6	68.5	75.8	70.2	68.9	69	69.2	69.2	69.4	69.4	69.3	69.6	69.1	70.1
1415695_at	54980	61171.9	64465.3	62187.1	58546.9	60913.8	59638.7	66458.8	58150.6	49066.8	71529.9	70434.5	71424.4	54217.1	56673.5	57168	66686.9	61955.8	63819.8	60381.8	62379.3	65205.9	56591.8	60287.8	55079.7	55159.1	63832.2	54444.8	65331.7	60604.6	62279.5	60512.3	63602.2	71170.1	63738	60512.9	71147.1	65125.3	65722.5	59314.2	59043.9	57357.1	57670.5	74490.3	68707.7	58381.3	62651.6	59432.7
1415696_at	5826.3	5722.7	5840.1	5344.4	6134.9	5704.7	5689.5	5890.3	6837.8	7196.3	5794.1	5539.9	5246.8	5806.3	6062.9	6370.8	5679.6	6369	6559.9	6605.8	6660.8	5727.1	5841.3	5766	6110.5	5297.1	5957.4	5814	4492.9	5021.3	5696.7	4665.9	6255.8	5904.6	5572.2	5861.7	5892.6	5747.1	5892.2	6158.1	6568.7	5907.6	7986.6	6169.3	6187.3	5930.6	5817.2	5686
1415697_at	5545.4	5267.9	5329.8	5154.2	5096.3	4930.5	5909.5	5713.6	5077.3	4181.6	4727.5	5650.5	5384.4	3799	4109.1	3647.1	5004.8	4921.8	5067	4914.5	5190.8	5052.8	5527.3	4904.9	4725.2	4632.4	4757.2	5067.2	4884.3	4670.7	4711	4774.9	6101.3	5231.2	6208.8	5132.7	5493.4	5530.2	4309.3	3991.8	4375.2	4619.1	3374.2	4319.1	4417.6	4231.5	5258.6	4319.7
1415698_at	328.3	317.6	329.4	330.2	459.5	330.5	386.1	334.3	331	326.1	399.3	340.7	365.9	256.7	274.1	334.7	326.1	366.4	371.9	569.5	331.5	398.5	333.8	364.5	340.4	332.4	400.8	334	336.1	335	330.6	334.3	331.6	519.9	330.6	329.7	498.3	347.9	329.9	335.4	310.9	334.6	358.3	481.2	334.3	228.1	337.5	341.5
1415699_a_at	11603	11502.6	11831.2	11205	12013	10746.9	10920.4	10046.6	10951	10689.1	11304.8	11494.8	11717.9	10218.1	11029.4	9840.4	11449.9	11449.4	10908.8	10987.7	11150	10942.9	11402.6	10652	10477.5	11845.5	11491.1	9639.8	10474	10795.3	10032.6	10589.8	11504.6	12570	11756	11412.5	10173.5	11881.2	11274.1	10453.1	10961.9	9473.2	10001.7	10328.2	10093.6	10644.4	9793.3	10240.7
1415700_a_at	48499.9	46489.3	49583.8	44642	50437	46893.6	48816.5	45875.2	51281.2	42428.3	46451.4	40422.8	42501.7	35807.3	41906.8	41828.2	39303.8	42258.5	44198.2	38692.1	44546.8	46943.3	48627	48444.3	52382.2	50074.7	52337.7	47370.8	47891	42291	44120.3	42764	49448.4	48513.8	43244.3	42195.9	48135.7	49920.8	41724	43843.8	43853.3	46094	47303.3	46777.6	48369.2	52055.9	51480.6	45341.3
1415701_x_at	199977.6	205950.5	208827.5	202002.2	222962.2	205198.6	198772.7	197073.3	205494.5	189543.7	223042.4	215272.6	188183.5	183756.7	195054.9	194740.8	213968.7	195139.2	190867.5	191912.6	214439.1	196303.3	191714.2	191228.7	210875.8	208375.6	208612.3	197745	237387.2	192262.6	188366.8	199397	196427.8	215188.6	200816.4	212702.3	207626.6	213489.1	196131.8	207821.9	195351.5	196908	226449.1	233875	222164	213462	220554.1	212175.6
1415702_a_at	3894.4	3618.3	3697.4	3840.9	4568.4	4524.3	4042.2	2885.5	5888.1	5471.5	3890.9	3825	3853.5	5381.2	4276	4422.5	4564.1	4026.9	4318.4	3922.9	4061.3	3582	3767.9	3904.6	3874.8	3881.7	3381.8	3584.7	2060.8	3348	3604	2883.4	3862.8	3771.8	4794.9	4447.1	3940.4	3866.2	3556.1	4232.3	4444.5	4027.1	4857.4	2823.1	3094.9	2789	2341.1	1986.7
1415703_at	7808.8	5684.9	6096.5	6027.4	9254.8	8316.2	6746.8	4849.9	9799.3	9526.8	7179.6	4842.2	6476	10122.8	8792.2	9291.6	6120.4	6775.1	8456.3	6566.5	6866.5	5644.9	6068	6668.6	5089.5	5202.2	5479.3	6465.4	3930.1	4327.5	4615.1	5015.7	5945.4	5441.8	6365	7634.8	6218.3	7228	6483.5	7021.5	6900.1	8020.8	6613.1	2345.3	2832.3	3393.4	3459.7	2755.2
1415704_a_at	23200.9	27189.4	27271	24049.5	23943.9	22282.4	21241.4	21526.1	23542.7	24936.9	19106.9	22624.9	21700.4	23689.4	25733.5	26560.1	24381.3	27126.2	28644.1	23944.6	25511.3	21308.1	22536.6	21265.5	19737.9	16942.8	17347.5	18836.3	13102.4	15464.3	16679.1	14993.5	18724.6	19006.8	16867.5	20861.4	16198.2	17262.8	20594.2	22410.5	21720	23500.8	30646.1	20618.4	21046.6	17614.1	18862.1	17178.7
1415705_at	3348.3	2678.4	3221.5	4073.4	3296.2	3100	3446.6	3458.6	2993.3	3249.4	3874	3988.2	4503.1	3356.1	3794.8	4086.1	3126.9	3857	4122.5	2912.4	2990.5	2671.5	2990.5	2135.7	3027.6	3585.2	3383.8	3602.1	2923.2	3095.3	3339.2	2604.3	3905.1	3884.7	4290.1	4797.9	4562.9	4786	4117.7	3945.1	4230.7	4496.9	3608.1	4153.9	3691	3362.3	3105.9	2881.5
1415706_at	25064.7	22798.7	24524	26083.7	28173.8	25118.5	27685.2	20415.9	27545.8	27344.4	24139.7	22736.7	24885.1	23458.2	26168.6	25891.1	23490.4	23432.2	26355.3	21763.6	23144.2	23324.7	23320.7	26083.5	26474.3	27839.5	25112.4	26969.4	23500.8	23558.3	23084.2	23503	28656.9	25405.5	27494.6	27774.3	25735.2	29354.9	24698.2	25762.1	23675.6	27514.5	21377.7	11853.6	11428.9	16558.8	17644.1	18804.3
1415707_at	3700.9	3737.6	3760.9	3718.1	4258.2	3892.7	3399.1	3787	4507.7	4856.7	2976.7	4493.4	4566.8	3697.3	3900.5	3454.4	4919.7	4969.1	4626.7	3854.5	3721.9	3424.5	3388.7	3176.9	3708.6	3964.6	2210.2	4446.7	2391	3532	2948.6	2784	3829.2	4096.1	4472.4	4440.7	3535	5352.6	3970.7	3497.3	3701.9	4296.9	2704.8	694.5	1272.7	970.1	1031.2	989.7
1415708_at	3700.3	3717.6	4364.1	4576.9	5192.4	5636.8	4243.9	3279	4936.4	5549.5	5439.6	4001.6	4907.1	5081.6	5084	4491.9	3562.5	3514.3	5079	3635.3	4065.9	2541.7	3482.1	4221.5	3066.2	2864.3	3772.1	3493.7	3461.5	3536.2	3258.2	2935.7	3711.4	3670.3	3605.6	5254.3	4471.3	4595.4	3509.2	4130.7	3185.9	4404.4	4214.6	3093	2863.6	2893.9	2347	3075.3
1415709_s_at	2388.5	1995.4	1902.3	2017.8	2594	2266.3	2343.8	1899.2	3407.2	2038	1893.3	1888.7	2101.3	1965.1	1720.3	1685.7	1672.3	1834	1817.7	1817.1	1767.4	2064.3	2175.7	2190.9	2322.5	2574.2	1587.9	2290.7	1889.5	1804.1	2064.3	2398.8	2716.6	2238.2	2610.5	2287.4	2030.4	1983.8	1603.4	2050.3	1914.2	2019.3	1445.5	388.6	1608.5	1597.8	827.9	1698.2
1415710_at	4049.1	4573.2	3279.9	3872.7	4014.9	3975.6	4268.5	3832.2	3623.4	3493.7	2801.8	4277.5	3476.4	3075.4	3067.4	3202.4	3903.4	3578.8	3441.7	3520.7	3656.6	3904.3	3808.4	3709.5	3898.7	4150.4	3664.9	4137.8	3287.4	4381.6	3485.6	3519.1	4521.3	4178.8	4365	3457.2	2992.9	4085.9	3112.7	3530.2	3461.4	3045.2	2799.3	2514.5	2377.1	3209.9	2952.4	2889.3
1415711_at	7941	8770.7	9674.9	7974.1	8426.1	9906.8	8835.8	6325.9	12371.8	12324.8	10017.2	8426.1	9058.1	10836.7	10645.5	10626.1	10285.4	10256.9	10681.1	9658.6	10247.5	7474.7	8135	8721.7	7653.4	7563.8	6778	6898	6524.2	6972.8	7457.8	7284.3	8017.2	7384.7	7737	9259.5	7535.7	8032	8602.7	8904.1	7948	10339.6	10048.7	7355	7822.2	7225.4	6943.5	6469
1415712_at	3988.6	4005.5	4170.1	4267.8	4316.6	4156.4	4158.3	3312.5	5324.1	6677.1	6191.4	4190.6	4033.8	7141.2	6566.4	7216.2	4601	3714.5	3975	5539.1	3512.1	3706.3	3316.7	3297.5	3792.3	3461.8	4816	3613.8	5008.1	3422	3234.8	4183.1	3602.9	4265.4	4315.7	5300.7	5159.8	5063.7	5312.4	6777.3	5234.2	5762.4	7407.7	6600.8	3384.9	4318	4691.2	3865.2
1415713_a_at	2737.6	2582.6	2431.6	2383.7	2987.7	3012.7	3443.7	3225.7	3374.2	3246.9	2333.6	2614.5	2458.3	2939.2	2371	2691.9	3709.1	3044.1	2890.9	2891.6	3258.8	3121.7	2804.6	2950	2745.7	2679.1	2685.9	2631.7	2000	2659.9	2792	2602.8	3836.6	2929.3	2383	2773.3	2044.2	2768.7	2379.1	2688.2	2698.3	2925.6	2347.2	995	1793.8	1767.7	1737.3	1823.8
1415714_a_at	2949.3	3257.2	2796	2515.2	2898.8	2732	2929.7	3013.9	3273.2	3520.3	3763.4	3592	3347.4	3019.6	2524.5	2503.2	2998.4	3533.6	3359.2	3526.4	3396.1	3840.6	3435	2947.4	2929.8	2631.4	2985.4	2168.7	2664	2509.4	2601	2481.1	3178.5	3954.9	3185	3309	3430.2	2786.5	2813.9	3021.6	2868.7	2658	3641.3	4702.4	4430.9	3633	3780.8	3473.1
1415715_at	2631.2	2294.1	2681.7	2506.2	2174.8	2832.6	2481.8	2505.3	3253	2986.4	2263.9	2617.3	2431.1	2672.8	2382.9	2644	3006.2	2858.5	2824	2637.7	2545.3	2896.6	2489.9	1637.3	2812.3	2537.3	2362.4	2543.6	2605.5	2696.8	2787.3	2762.6	3541.1	2951.2	3174.9	3121.4	2441	2918	3082.6	2574	3097.9	3159	2258.4	745.9	1909.2	1523.8	2204.9	1583
1415716_a_at	106889.5	136482.5	134361.6	117543.4	112067.1	112499.9	115156.5	120628.4	133661.4	155699.8	181433.2	141965.8	124868.2	143939.2	147909.4	128109.3	162236.3	151266.3	128690.6	164723.3	151919.5	142567.6	119593.6	109736.4	116258.7	110459.2	115920.7	94015.4	156981	117402.4	116460.4	127690.1	118359.1	153934.4	128113.7	138676.2	137068.6	116987.8	125638.7	137236.2	134029.5	122544.9	193860.6	222751.2	199118.5	175736.7	163986.2	163352.8
1415717_at	1080.5	907.2	874.7	1087.8	1079.5	1087	1076.2	1072.6	1004.5	945.7	1404.3	1100.7	1400.7	1368.2	1375.4	1094.1	953.2	1056	1081	983.7	779.5	1086.1	1111.5	1105.9	1089	1117.9	964.8	1093	1076.3	1169.7	1085.2	1151.7	1088.2	803.6	1080.2	1079	1156.3	1081	1079.6	870.7	1044.7	1225.7	1092.5	1075.2	1066.9	1205.6	849.8	1106.6
1415718_at	4430.9	5524.1	4639.6	4443.3	4436.6	4340.8	4336.2	4560.4	4681	5430.6	4671.7	5437.9	5352.1	5675.8	5292.1	5124.1	6199.5	5732.1	5603.3	6180.9	5429.9	5315.8	4965.1	4581.8	5020.7	4860.3	4344.9	5029.6	3988.4	4596.5	5003.9	5417.6	5254.5	5293.8	6081.1	5902.8	5941.3	5728.3	5883.7	5738.6	6015.3	5644.9	6247.6	7047.6	7065.7	5108.9	5255.8	4295.4
1415719_s_at	3776.7	3801	4262.6	3656.6	4118.8	4012.1	4936.1	3798.7	4494.2	3871.8	4439.9	3509.3	3433.7	3756.1	4168.8	4141.8	4181.9	4192.3	4649.9	3891.7	4739.8	4478.4	4247.3	4417.5	3817.2	3341.7	4337.6	4119.9	3477.7	3138	3213.2	3737.4	3365.1	4000.8	3473.1	3905.6	3726	3455.3	3970.6	4700.3	4319.7	4011.8	5930.4	5583	5710	4734.1	5324.8	4443.1
1415720_s_at	1158.5	1376	1294.1	1156.1	1725.8	1271.4	1172.1	1091	1092.9	1247.1	1011.2	1269.9	1460.6	1247.7	1143.7	1235.9	1249.2	1791.7	1261.8	1244.5	1359.4	1076.5	1052.3	1097.1	1221.3	1247.1	1256.1	1199.2	1336.9	1486.4	1140.2	1024.7	1198	1429.8	1038.8	1564.1	900.9	1449.2	902.8	1796.2	1164.7	1167.4	1352.2	955.1	665.3	985.4	720.4	954.8
1415721_a_at	7815.5	6919.9	7183.4	6155.3	6991.9	6560.5	5541.4	4979.6	6554.4	6412.8	4445.3	5399.1	6043.3	6886.7	6383	7486	7386.3	8203	8739.7	7047.5	7655.1	6616.3	7145.7	7143.5	7891.9	7551.9	6529.7	7224.6	4624.7	6381.4	4976.6	4982.9	5832	5521.9	6369.2	6580.1	4910.1	6746.9	6989.9	6780.1	7270.5	6845.6	7736.7	3638	4732.8	4619.2	4107.9	3761.5
1415722_a_at	2962.7	3403.6	3045.3	3201.2	3507.1	2784.1	3063	3168.8	3270.2	2248.1	3276.4	3443.8	3364.9	2584.5	2619.9	2538.5	3868.5	3594.3	3391.4	2962.7	2953.6	3018.8	2835.7	2871.1	3020.2	3152.1	3493.8	3386.5	3177.9	2904.6	2831.3	2915.3	3829.7	3776.4	3830.1	3225.6	3608.8	3636.4	3492.1	3190.4	3545.2	3111.1	2430.1	3206.2	2965.7	2904.5	3110.1	3051.5
1415723_at	20305.7	20815.4	22668.8	22339.7	25608.1	27684.3	24474.6	18385.4	32658	39687.4	29319.4	23222.1	25025.6	35484.5	34804	31037.7	27147.3	24171.6	28193.7	22167.8	23358	18589.2	16515.5	20448.3	18799.6	20080.2	20571.9	23258.1	22195.4	19446.5	19302.3	18777.3	21507	22722.1	24039.5	29134.9	26291.5	28409	29463.2	28395.2	26604.2	32090	33997.8	24925.9	21426.7	20039.4	20246.9	18761
1415724_a_at	23960.3	20668.8	21301.2	24162.3	22511	20937.6	21295.9	24887.3	17120.2	15000.3	19697.7	24596.3	24666.3	15194.4	20157.8	20002	22259.1	21121.1	25866.6	20233.3	23100	21622.3	23236.1	24698.2	25364.5	24359.5	26570.4	29384.5	25752.6	24133.9	26606.2	24560	25467.5	21851.6	21617.1	21337.7	27995.7	24621.8	24649.7	23419.5	25825.8	22962.7	20354.1	22817.2	26377.4	26308.3	27543.2	25343.6
1415725_at	759.2	633.9	870.8	593.2	832.3	943.6	889.8	795	815.1	661.8	621.2	488	689	940.2	980	1182.4	907.8	1244.1	1203	973.2	1230.3	703.1	1013.1	966.1	766.2	626.7	642.6	785.7	542.5	747.4	694.9	298.8	1044.5	816	841.5	798.6	528.7	614.3	953.2	1032.4	1050.2	892.1	1205.8	824.2	901	915.4	777.4	798.7
1415726_at	3166.2	3186.4	2871.1	2783.9	4141	3979.1	3929.7	3141.7	4047.8	4172.9	3825.2	3022	3913.7	4099	4365.9	4327.3	4300.1	3834.4	4151.4	3451.9	3502.9	2988.1	3161.5	3464.9	3081.2	3214.5	3542.6	3387.6	2502.9	3296.3	3196.2	3178.9	3477	3148.2	3627	4714.2	3776.2	4365.2	4288.6	3932.7	4146.8	4376.6	4094.3	2108.4	2354.3	2548.8	2876.5	2466.2
1415727_at	16694.9	17722.3	18235.4	17581.9	15675	15588.6	14344.5	15787.9	14025.3	14040.5	14174.3	16200.3	16261.1	13767	12670.5	11729.8	15283.1	16970.1	15733.4	15855	15037.7	14923.6	16313.1	15760.7	15863.9	15669.6	14142.8	14463	11820	13573.2	14183.2	14137.7	13857.8	15524.1	15532.6	14739.2	13403.3	14864.7	14082.5	14013.4	13415.3	13898.7	11416.4	13899.9	15608.6	12900.5	13202.9	13332.8
1415728_at	1548.6	882.7	993.6	950.2	992.1	1124.9	1341.8	727.6	1320.6	1610.8	1285.2	624.2	636.6	2229.2	1210.8	895.7	390	654.9	749.3	470.1	316.9	407.3	610.3	531.4	420.4	707.5	341.3	451.7	289.8	296.2	310.2	315.8	359.3	419.4	623.4	642.4	379.8	955.8	520.5	477.8	547.9	576.1	506	244.2	297.3	350	298.3	267.8
1415729_at	3791.5	4077.1	3722.5	3732.9	4099.7	4131	4092.1	3713.4	4855.1	4555.6	4655.6	3959	4662	4922.1	5147.7	4830.5	4888.5	4474.6	4419.7	4700.5	4383.3	3416.3	3430.4	3765.5	3285.1	3429.4	3502.7	3426.1	3599.1	3735.1	3707.2	3816.1	3939.5	3681.2	3835	4702.3	3548.2	3777	3951.2	4259.8	4037.5	4292.3	4796.6	3388.8	2755.5	3479.4	3310.8	2834.2
1415730_at	2751.2	2892.1	2535.8	2718.1	3382.8	3405.1	3063.6	2110.9	3486.9	4617.8	3198.7	2476.1	2442.9	3885.5	3504.7	3116	2333.8	2407	2516.1	2867.1	3086.1	1768.6	2081.1	1933.6	2312	2389.1	2611.4	2728	2102.8	2609.3	2618.4	2414.2	2297.3	2468.3	3323	3369.3	2863	3143.6	2417.8	2662.8	2598	3086.6	2626.5	1825.1	1097.1	1656.7	1332.5	1697.1
1415731_at	1301	1166.9	1083.2	910.2	1025.2	989.3	922	670.1	1001	1307.5	859.1	809.8	726.7	909.7	963.6	932.1	1043.6	1080.1	1046.7	1088	1243.6	1146.3	1012.2	937.9	1024.7	944.7	868.7	882.8	868	725.5	811.2	821.9	819.5	896.6	853.8	867.6	885.8	847.4	1047.1	1014.6	929.5	927	973.1	875.9	873.5	918.9	949.2	835.6
1415732_at	2115.1	2113.2	1991.3	2120.6	2160.3	2094.1	1904.4	2011.4	2077.4	2776	2108.9	2152.2	2123.8	2123.1	2227	2033.4	2399.7	2843.6	2264.7	2220.4	2122.1	2035.4	2133.6	2141.8	2133.4	2135.9	1970.1	2136.8	1887.5	1892.4	2122.6	2015.4	2128.9	2125.7	2540.5	2287.2	2132.3	2336.1	2206.1	2051.3	2138.8	2136.2	2198.1	1946.1	2235	2141.5	1804.5	2145.6
1415733_a_at	5906.5	6459.8	5972.9	5559.2	6280.9	5070.2	5302.2	5607.5	6196.5	5540.8	8098.7	5833.1	4808.6	4754	4550.9	5202.6	7197.7	7056.5	6200.5	8465.3	8394.5	7496.3	6407.6	5601.4	5976	5500.4	6374.9	4348.2	5796.8	4577.3	5306.9	4691.2	5815.4	7046.3	5961.2	4888.5	4978.6	4730.5	5013.7	4880.4	5681.6	5499.3	7470	11227.5	8821.5	7465.6	7934.4	6556.4
1415734_at	31165.4	29072.9	31420.6	29474.3	32147.2	31447.9	30581.4	27265.3	31964.6	31970	27057.2	29101	30357.9	31066.9	32512.6	28599.7	29641.7	33132.4	33946.7	29258.7	32825.8	28957	30695	32037.9	30687.9	31235.2	29431.6	30481.6	26596.4	30850	28333.5	25314.3	28756.2	29470.1	30971.7	31257.2	28398.1	33239.4	30780.9	29836.2	28887.4	32021	31462	22047	24626.3	25558.8	26394	26339.9
1415735_at	11474.5	8085.5	9608.2	8834.3	10917.2	9524.9	8857.1	7038.6	10390.7	10919.5	7844.9	8365.5	9185.8	10419.9	10612.1	9640	8812.6	10252.6	11683.3	8718.6	9600.9	9270.3	9597.2	11495.6	9187.2	9165.7	7449.7	8432.7	5854.5	7156.2	7591.5	6709.2	7549.4	6884.6	8190.4	9848.4	7441.4	9098.6	8401.3	10233.2	8698.5	9492.9	9274	3168.9	4578.9	4987.3	5343.2	5317.2
1415736_at	35437.2	41608.7	40774.5	35219.5	33508.5	31175.1	29384.5	35931.3	28014.6	30761.3	36428.4	35612	35928.5	26918.8	32373.1	29314.2	34403.2	33486.9	33460.6	33269.6	36328.7	33321.8	37037.5	33554.1	37963	32475.5	33601.5	30459	39907.3	30949.1	31076.5	32524	28872	36084.8	26990.7	31899	36290.8	29508.9	29745.3	30130.5	30354	30017.2	32725.1	42987.4	43777	36290	37202.9	38439.7
1415737_at	8326.5	7791.8	8015.7	7878.7	7780.1	8187.1	8435.9	7951.6	8093.1	6502.6	7301.2	7686.8	7768	8363.4	8123.1	7364.3	8385.3	8143.1	8119.8	8289.2	7681.8	8691.3	9390.3	8410.3	8547.4	6955.9	8369.3	7687.3	8025.4	8020.5	7662.2	7275.9	7967.9	7591.3	7531.5	7296	7345.8	8249.8	7483.6	8179.6	7964.8	7382.1	7952.5	7676.2	7983.4	8538.8	8983.5	7950
1415738_at	7159.7	8160.7	7453.1	8551.6	7932.4	7460.1	7010.1	7828.2	6658.9	6508.2	6204.1	7074.1	7467.9	5680.3	6544.8	5709.7	7031.2	7390.6	7209.8	6931.4	7274	7402.6	7751.3	8014.7	7944.2	7616.1	7580.9	7629	8233.6	7818.2	8096	6723.6	7879.4	7453	6761.1	6622.4	7221.6	7786.2	7162.8	6728	6279.5	7044.9	6347.8	7247.2	7440.7	7800.6	8408.4	7645.3
1415739_at	2478.8	2533.5	2364.9	2241.6	2130.8	2074.2	2126.8	2365.1	2933	2873.5	2018.2	2557	2362.2	2442.8	1904	2049	2401.3	2685.8	2302.7	2231.7	2005.9	2279.3	2251.7	2290.9	2455.5	2355	1727.3	1946	1418.3	2364.6	2207.3	2062.4	2643.7	2679.7	2673	2498.2	1957	2046.2	1912.3	2098.4	1898.5	1973.9	1681.1	768.7	1072.4	1132.3	1072.1	735.9
1415740_at	17746.1	18718	18873.6	18125.7	18836.5	17210.9	16639.7	14924.9	17925.8	21553.4	17276.2	19111.9	17067.8	17405.2	15333	15788	15909.5	16002	16919.3	15150.8	15494.8	16386.2	17123.6	16177.9	19387.2	19962.4	18313	17282.1	16274.1	17041.7	14860	14779.4	16610	19791.9	17239.5	18388.1	19840.1	20665.2	16341.3	16500.9	15343.1	17237.5	14091.1	13966.6	13523.5	13367.9	16139.1	17609.8
1415741_at	3081.4	3854.2	3338.9	3733.7	3724.4	3350.7	3826.6	4106	3631.1	3140.3	3449.3	4064.2	3618.8	2740.8	2795.1	2718.1	3445.6	3280.1	3582.2	3992.2	4022.7	4071.4	4290.2	3357	3183.1	4051.7	3699.8	3364.6	3483.6	3630.8	3842	3347.7	5064.2	4983.9	4466.5	3556.1	3808.7	3584	3282.9	2713.2	2719	2949.9	2913.8	4455.5	3704	3618.3	4006.7	3788.5
1415742_at	12085.1	12066.2	12254.1	11607.3	11577.6	11298.7	9724.6	10043.4	12384.9	12185.9	9207.4	10666.8	11178.2	11689.7	10772.1	9915.3	11081.7	12215.3	11796.9	11130.8	10601.9	10548.9	11102.6	12575.7	10628.5	10772.7	9046.9	9786	7223.9	10365	8500.7	10233.5	9131.7	10089.1	10049.4	9734.1	8526.2	10061.8	9611.8	9202.8	8788.1	9743.2	9473.2	6538	7930.8	7054.7	6525.8	7412
1415743_at	928.8	868.2	825.5	932.8	1107.8	901.9	943.3	603.2	1108	1283.3	896.6	731.8	655.6	984.4	670.5	551.5	532.8	518.9	476.9	378.6	483.3	578.2	705.3	698	564.3	587.7	715.3	664.6	569	632.4	566.4	637.9	725.7	815.2	793.8	738.9	485.2	541.1	485.8	490.5	485.6	541.5	488.1	492.8	491.9	366.3	482.9	459.3
1415744_at	12692.2	13863.9	13060.7	11746	13252.5	12305.2	11834	11659.2	13573	13047.9	13184.6	11618.3	11316.3	12862.1	12009	10474.5	13147.2	14211.9	11789.3	12630.6	12784.8	13241.9	12554.8	12703.7	14242.8	14011.2	13534.3	11712.4	11462.5	11275.4	11660.3	10519	11625.1	13867.2	11951.3	12372.5	11373.4	12751.3	12097	13289.4	13072.5	11153.8	12375.7	14227.2	14790.6	13551.9	14159.1	13409.8
1415745_a_at	3987	4069.7	4005.1	4162.3	4141	3866.2	4324	4297	4343.6	3491.2	4136.1	4487.1	4148.1	3168.2	3876.6	3658.4	3646.9	3269.5	3586.2	3899	3846.6	4353	4185.3	3864	3825.1	3495	4064.1	4247.9	4185.6	4014.3	4882.6	3765.1	4617.6	5224.4	3887.9	3979.3	4749.6	4378.8	3970.7	3144.5	3389.7	3634.1	3393.5	4017.6	4204	3976.6	3588.5	3764.4
1415746_at	355	234	316.6	310.7	388.7	310	374.2	274.3	583.3	456.5	369.8	325.9	308.3	420.1	370.7	342.5	311.4	301	284.7	363.9	291.6	303.2	311.6	381.7	314.1	398.4	270.3	326.6	316.3	282.6	302.8	315.9	415.3	408.1	324.4	338.8	245	319.2	301.2	317.8	314.8	361.7	267.7	228.6	225.8	300.6	146.3	234.5
1415747_s_at	16321	17811.6	15788.7	16600	15997.1	17134.7	18383.3	17614.1	16956.4	15596.9	17853.7	16512.5	18002.1	18249.7	18838.9	18385.3	18284.2	16526.8	18172.6	18421.5	18388.4	18895.1	17476.9	17573.5	17942.2	17808.7	19087.5	17367.4	18609	18466.3	18216.2	16287.8	17589.1	14689.7	16865.4	17821.4	17835.8	16693.8	17967.3	18069.7	17285	19064.4	19672.9	18977.2	19719	20843.6	19621.7	19423.5
1415748_a_at	3977.2	4380.8	4303.8	4583.7	3882.1	3299.9	3872.4	4444.2	2933.8	2392	3700.8	4514.7	4190.5	2756.4	2937.8	2605	3501.7	4235.8	3739.4	3080.8	3616.3	3707	3702.6	3578.1	4300	4715.6	4688.2	4155.4	4832.4	3672	3728.5	3691	4633.2	4522.6	4285.6	3785.2	4396.9	4553.5	3047.2	3155.9	3531.9	3103.8	1863.6	2518	2330.8	3445.2	3787.8	3866.7
1415749_a_at	8465.3	7637.2	8158.3	7731.7	7745.1	7838.5	7098.3	6553	7743.6	7076	6643.1	7807.5	7805.8	8485.9	7936.6	8811.1	8648.4	9373.3	10045.1	8773.1	8010.6	7803.5	7854.7	7331.9	7995.6	7915.9	7659.1	9069.3	6031.8	7205.5	6434.9	6713.7	7330.4	7343.7	8484.1	7705.5	7919.9	8440.6	8904.9	9181.5	8343.6	8704.8	8029	5841.7	6366.5	5640.5	6106.7	6147.1
1415750_at	1406.6	1765.1	1529.6	1480.3	1603.9	1292.3	1495.4	1164.6	1748.8	1623.4	1047.1	1853.9	1387.9	1198.4	1137.6	1108.5	1187.6	1569.7	1296.9	1224.8	1276.5	1609.5	1742.2	1465.6	1224.3	1574.1	1222.7	1604.4	1126.3	1248.3	1365.9	1215.6	1330.3	1249.1	1143.2	1787.3	1188.6	1562.2	1102.6	1043.1	1223.6	1140.7	857.7	882.9	1036.9	1098	709.8	1184.5
1415751_at	8943.3	7527.2	7946.4	8562.4	9578.7	10021.4	9657.6	8420.2	10976.2	11911.2	9091.5	8277	10346.1	10394.9	10331.1	10889	9871.9	9267.6	9881.2	8381.8	8952.7	7680.6	6857.3	7914.2	7981.3	7812	8086.3	8163.6	7884.5	7440.4	9047.5	8822	9350.8	9520.3	9115.8	10673.5	10703	9734.3	10378	9737.7	8823.8	10582	10357.2	5031.4	5727.7	5419.7	5098.1	5826.4
1415752_at	14185.1	15572.9	16681.3	14303.9	14157.3	13557.1	14251.4	14856.8	13317.6	11973.7	16289.2	15444.2	13613.2	11545.1	12010.4	10923.4	14364.9	13284.8	14237.8	13640.4	14039.3	15674.7	14287.1	14457.4	15149.6	14151.1	16460	13452.8	13512.7	12642	13309.9	11933.8	13334.8	16904.4	13947.4	14401.6	13405.4	14669.1	14172.5	13144.8	12916.5	13508.6	16352.1	19358.3	18273.4	15773.1	17879.8	15823.1
1415753_at	8447	8123	7636	7177.5	8428.7	7022	6214.7	6439.8	6853	6725.6	5672.4	7574.4	8224.1	6474.9	6989.4	5766.5	9393.8	10272.1	9188.4	9521.8	8721	9034.4	8733.6	9755.8	8286.2	8750.6	6982.8	7577	4967.9	7645.9	6262.7	7138.5	6735.3	7435.3	7298.5	7549.7	6297.6	7954.6	7877.6	7260.2	8175.4	7740.4	7022.7	7777.6	9718	7476.5	7355.8	5355.4
1415754_at	10072.9	10587.8	10578.1	9523.1	10591.4	10224.5	10130.4	10004.9	10200.4	9089.7	11255.7	10166.1	9838.9	9020.1	9022.2	9059.6	11464.1	11376.9	9943.9	11977.8	10715.5	11431.3	9857.4	8901.7	9961	9864.3	9098.2	7627.9	10766.3	9143.7	8683.9	9268.7	9553	11168	10096.3	10107.5	9045.2	9377.9	9162.7	10277.6	9193.1	9289.2	9096.5	12307.3	11378.9	11321	10997.1	11692.3
1415755_a_at	3813.3	4070.9	3921.8	3895.6	3926.5	3516	2959.8	3360.8	3262.9	2810.8	2417.3	3684.9	4096.3	3146.7	3115.6	3420.2	3683	4148	3904.2	3387.7	3379.3	3356.3	3567.1	3429.6	3565.8	3892.4	2972.7	3422.6	2699.1	3057.4	2705.9	2803.9	3533.2	3711.7	3609.1	3370.8	3401.9	4342.8	3372.3	3403.5	3408.3	3473.5	2911.5	1514.9	1853.6	2019	1594	1907.5
1415756_a_at	2133	2543.3	2227.4	2511.6	2379.7	2407.6	2008.9	1980.6	2169.2	2404.3	2980.9	2459.9	2766.2	2109.6	2332.8	2173.9	2152.1	2135	2294.9	1925.6	2147.2	2157.7	1936.5	1633.6	2050	2073	2186.9	2163.6	2972.7	1795.1	1564.3	2165.1	2279.3	2320	2369.7	2652.8	3123.9	3121.3	2111.1	2172.8	2217.4	2228.8	1558.5	2128.9	1948.2	1787.6	1551.9	1748.4
1415757_at	2897.5	3166.8	2707.7	2634.9	2968.3	2882.3	3299.2	3058.3	4066.8	2978.2	2585.5	2791.8	2716.4	2512.2	2670.8	2355.8	2009.5	2381	2451.9	2456.6	2352.6	2561.3	3080.6	3383.8	3035.3	3164.5	3015.8	2761.2	2221	2519.1	2779.9	3008.4	3404.3	2933.3	2922.6	2709.4	2511.5	3099.9	2214.5	2373.7	2496.5	2603.4	1924.7	2233.6	2392.5	2388.7	2399.9	3628.9
1415758_at	893.6	883.3	721.1	610.9	814.6	801.2	835.8	622.5	1276	1482.2	919.2	672.6	639.2	1116.8	945.8	906.4	843.6	728.1	821.2	954.6	665.9	696.1	712.9	713.4	673.8	626.2	581.8	594.2	374.3	659.5	592.8	665.6	666.5	578.6	667.5	889.1	561.5	628.9	727.6	782	743	820.7	800.9	211.1	357.3	385.1	401.8	362.2
1415759_a_at	11944.7	12544.1	13611.2	12848.2	13540.9	12392.3	10837.6	11829.3	10624.2	9943.4	14438.3	13473.1	12652.9	9743.2	11625.7	10015.2	14515.7	14104.6	13486.1	14859.2	14946.4	14506.9	12124.9	12400.3	11461	11311.6	13254.7	10192.3	13496.6	11215.4	11969.1	11336.9	11897.9	13391.3	12460.8	12160.5	11735.1	12562	12834.9	11908.3	11788.7	11359.6	13954.9	20255.1	18466	14834.3	15578.8	13162.9
1415760_s_at	43022.2	42571.4	45150.9	39877	46247	40271.9	38893.8	38583.8	41827.7	37375.5	42758	40169.4	39651	39112.4	38245.3	30664.6	40406.1	40920.6	39787.9	35685.7	39288.1	42276.3	40304.5	44738.8	39415.3	42849.2	43029.7	37843.1	44260.2	35402.5	35361.4	34620.9	32427.1	42337.7	40322.2	37709.6	37067.1	38219.9	35905.4	36029.2	37159.5	37337.5	31591.5	38779	39646.1	40033.7	38369.9	41241.7
1415761_at	11179.8	11301.6	11517.5	10026.2	12124.2	9631.2	10285.6	10712.9	11846.2	11316.3	13229.8	11199.8	10488.2	10818.3	10436.8	10614	12923.1	11343.3	10925.8	12607.3	12285.6	11490.2	11177.1	10756.7	11996.7	10726.1	11412.6	8262.2	11639.9	9883	10499.5	9665.4	10330	12871.2	11171.4	11528.1	11911.7	11031.8	10177.9	11116	10285	10679.7	9699.3	11183.4	10061.9	12609	12176.6	12267.9
1415762_x_at	10229.7	12380.4	10587.5	9977.7	10164.2	10450.5	10621.4	10931.5	12291.1	11631.5	13080	11260.7	10745.1	11105	10666.2	10567.4	12979	10916.8	10599.2	11753.6	10474.9	11500.4	12133.3	9328.9	11765.1	11337.9	12023.7	9984	12050	10724.9	10142.3	11443	11505.1	12316.2	11153	11633.4	11757.2	10394.1	10341.8	11791.3	10226.7	10306.6	10125	12081.9	10559.7	14094.1	11574	11833
1415763_a_at	6126.2	6435	6426.4	5714.7	6676.4	6160.3	6062.2	5219	7220.7	9182.9	6949	5616.9	5646.3	6963.5	7050.6	6170.3	6584.9	6766.6	6225.7	6361.6	6093.7	5696.5	5162.9	5956.8	6317.4	5716.7	6191.2	5669.9	5842.3	6777.7	5105.5	5293.4	5664.7	6847.6	7080.1	5903.5	6511.5	6067.4	5981.2	6438.6	5984.1	6237.2	8091.1	7890.2	6631	6333	6331.4	5443
1415764_at	21289.3	22106.7	19772.4	18921	23085.6	27759.5	25775.3	16820.7	28082.9	33667.9	29186.6	16896.7	19430.8	35333.8	36521.8	31925.9	23384.9	22521	21810.9	24772.7	23913.6	20325.9	16917.8	16922.1	15846.3	14742.8	19083.8	16156.7	17533	19176.3	19405.8	18587.1	19087.4	18287.5	23061.1	28860.8	22350.1	24318.6	24103.1	27172.4	25867.9	26783.2	29220.4	16149.6	14351.4	17728.2	15780.6	16032.6
1415765_at	2612.1	2099.4	2228.9	1845.8	2308.1	2306	2029.2	2182.6	2763.6	3096.5	2098.6	2400.1	2291.1	2895.1	2491.3	2684.9	3130	3044.4	2579.2	2261.1	2486.9	2175	2250.9	2371.7	2447	2032.7	1689.3	2400.7	1090.1	2310.3	2017.9	2081.7	2288.6	2187.3	2003.2	2131.8	2000.9	2317.5	2385	2711	2396.2	2174.2	1983.1	1193.7	1252.6	1138.8	1359.8	965.5
1415766_at	4759	5513.9	4357.4	4074.2	4073.1	4152.4	5234.5	5474.8	7318.4	6184.6	5811.5	4667.5	4388.9	3988.5	3964.1	4473.5	4197.4	4868	4112.9	4629.8	4868.5	4960.1	5516.1	5086	4817.3	4211.4	5086.3	3836.3	3652	3961.3	4423.4	4592.7	5250.4	5773.9	5641.6	4405.8	4443.5	3741.1	3747	3885.3	4532.6	4052.3	4589.8	3374.1	2881.6	4584	4378.5	4161.6
1415767_at	5516.3	5938.9	4827.2	5133.1	6193.3	6651	6159.7	5348.1	5829.4	4805.9	4111.1	4433.5	4252.9	4128.2	5042.9	4736.8	4267	5019.7	4863.1	3963.1	5067.1	3340.5	3442.1	3972.8	4727.7	4809.1	4218.1	4778.8	4372.3	4676.4	4563	4584.5	5225.4	4320	4015.5	5566.8	4261.9	4658.5	4589	4728.8	4948.5	5149.8	3656.6	2056	2612.6	3084.6	2643.4	2298.7
1415768_a_at	11576.9	11563.4	11423	11595.3	11833.6	12081.5	11588.7	11468.5	13247.8	14362.4	12478.4	11516.2	12430.6	15318.3	13814.7	15086.9	11215.1	11338.1	12001.4	11459	11595.3	10898.9	12208.7	11826	12841.4	11953.1	10866.2	12450.4	9424.1	11527.2	10323.2	10682.9	10225.7	11959	11731.3	13412.4	11828.2	12372.4	12235.2	13337.8	11978.1	11965.6	13663.6	8706.8	10111.9	9428.3	8472	8756.4
1415769_at	8212.1	7160.5	8449.4	8707.6	9189.4	7861.3	8045.7	7278.5	9047.7	8293.8	8677.1	7801.1	8082	9383.3	9553.3	10194.2	8397.8	9476.9	10324.8	9557.9	8903.4	7425.6	7712.9	8365.8	7666.6	8491.3	7550.5	7975.8	9155.2	8342.6	6998.1	7677	7708.2	8121.7	8019.7	8837.7	8564.8	7749.5	8932.5	10001	8935.1	11369.4	9642.3	8339.1	7039.3	8980.3	8537.8	8288.9
1415770_at	957.2	947.5	1138.9	1025.4	1062.8	1166.6	1038.9	1118	1034.2	1543.2	1163.5	1162.7	1279.7	1156.8	1388.9	1304.6	1331.9	1781.9	1206.5	1025	1225.7	1033.6	1040.6	1068.8	976.7	971.1	953.6	1068.4	1045.3	1045.8	864.6	988.1	1050.6	1010.8	1286.2	1324.3	1192.9	1248.9	1052.9	1381.1	1091.3	1220.6	1043.1	608.9	750.9	831.1	848.2	563.9
1415771_at	18716.4	18552.9	19446.6	18857.1	18361.4	17257.2	16881.2	15790.3	20658.9	23923.7	19220.8	17621.5	18402	23261.2	23648.5	28838.6	22162.4	21745.3	21912.7	23245.5	24786.6	21575.8	20402.5	18419.4	20340.3	18179.9	20270.3	19888.8	17667.3	16896.1	15565.2	15741.8	16843.9	18473.9	18208.3	21233.8	22320.4	19077.8	20748.8	23764.7	23960.8	22813.8	34453.3	23070.9	21275.4	21140.9	19852.6	18271.1
1415772_at	1801.3	1941.1	1750.1	1956	1905.5	1759.4	1642	1645.9	1741.1	1626.9	1570.6	1799	1539.7	1827.2	1348.3	2045.4	1941.3	1720.5	1710.2	2025.2	2741.2	1898.4	1736.5	1867.7	2106.3	1955.4	1921.2	1786.8	2128.9	1588.6	1338.1	1574.8	1895.8	1911.6	1875.5	1512.4	1453.4	1873.4	2097.9	1835.9	1782.3	1924.5	1938.3	2278.4	1734.5	1804	2109.6	1673.4
1415773_at	12561.3	13656.2	12220	14340.1	11234.9	10636.7	11062.1	13396.5	8185.7	7753.3	9558.5	14798.5	14605	9046.6	11707.7	15520.7	16496.9	16465.9	15394.6	15310.6	17153.2	15974	16821.6	13947.1	16156.7	15486.9	15353.8	19502.9	18234.6	15402.8	14090.7	15233.7	16331.2	11857.8	11614.1	11720.8	17683.9	16481.2	14724.6	15310	18964.8	15983.1	15451.1	22928.4	18786.5	20385.5	19024.8	18862.3
1415774_at	684.1	645.3	685.4	791.6	834.4	752.4	619.1	837.7	660.9	762.3	726.8	692.8	653.2	665.9	616.4	600.2	511.8	660.4	692.6	619	696.1	714.3	725.2	755.2	766.8	598.8	1007.8	669.4	701.6	691.1	904.2	713.6	815.9	844.1	781.6	540.2	820.3	684.9	658.6	631	650.3	629.2	726.1	689.9	733.7	721.9	1061.4	756
1415775_at	19820.5	21233.8	20374.2	21353.3	21333.6	18908.1	19537.8	21551.5	19008.2	16716.6	18878.4	23317	24140.9	19215.9	19760.5	19466.4	24073.3	24963	23174.7	22590.1	22215	22093.5	20239.8	20409.5	20481.5	20349.2	20636.1	21118.8	21109.8	20920	19710	19041.6	22460.9	22880.5	23177.2	24401.7	23237.2	23724.2	23552.5	22380.5	20924.5	21737.1	19588.7	21177.5	19757.2	19002.9	20731.6	18704.4
1415776_at	35777.2	37697.2	33258.8	31956.5	26819.5	21209	21942.3	19258.5	21632.3	25126.1	20623.4	24081.3	29567.4	27177.4	30285.6	28373.6	37413.4	31315.4	36899.2	28092.4	34761.1	36385	30129.8	30001.5	28573.8	25922.9	29862	26769.9	24205.9	25236.3	28776.1	24217.9	21459.8	28579.9	30596.4	23707.2	25187	26673.3	33276.2	25044.3	30959.1	30578.4	32365.4	25546.7	25271.6	21766.5	23119.3	22933.1
1415777_at	68.7	69.4	69.5	69.4	67.6	69.3	69.2	14791.1	66.9	67.6	68.9	68.9	76.5	77.8	68.2	70.8	70.2	68.8	68.9	68.5	69.7	71.7	70.8	71.1	70.2	70.8	69.6	70.5	4092	71.2	70	70.7	68	70	69.7	68	70.6	68.9	69.5	71.2	70.8	70.7	73.9	72.2	73.4	72.9	72.4	73.2
1415778_at	40489.4	42558.5	44080.7	38024.6	37628	29512.3	36067.8	38467.6	36375.1	27858.3	39330.3	42566.9	35797.8	23735.7	23887.2	24212.7	25543.1	31774	32035.2	28321.7	34998.1	42052.1	42458.3	41158.6	46386.4	44117.4	43356.4	34569.2	35330.9	30085.7	37086.4	34068.7	45145.2	45727.8	36120.8	32758.1	37559.4	38266.1	26205.3	27854.4	28661.5	27396.4	29737.8	44832.1	47798.7	47960.9	51216	51209.2
1415779_s_at	92164.7	52455.2	42731.3	37720.5	35553	45704.2	55255.7	57384.1	50689	42274.3	31002.5	37138.5	36892.5	35170.6	29971	38602.3	40891.7	41635.5	42222.3	41593.1	66963.3	145014.5	129282.8	72021.7	77498	57847.3	40959.6	40981.2	23021.9	41484	43999	49000.1	93558.3	63409.9	48465.7	38571.6	35523.5	37214.5	35328.8	36471.2	38362.4	33127.4	34838.1	18343.8	74493.4	59027.6	62806.5	44807.3
1415780_a_at	83	84	83.4	84	82.1	83.9	88.3	80.3	94.5	86.2	86	83.1	85	83.3	80.8	91.1	76.5	82.9	83.4	78.6	84	87.3	85.7	86.8	85.6	96	84.1	93.1	85.2	91.3	84	91.7	104.4	85.8	90	83.6	85.6	131.8	84	76.3	86.9	86.8	82.1	90.3	87.3	68.7	88.7	92
1415781_a_at	112973.2	122720.4	113736.9	113349.4	109670.9	119403.3	130104.4	128368	114862.6	112890	128841.4	117186.2	110034.8	116617.6	110191.3	113740.7	116077.5	122315	109969.9	128830.7	122108.7	137530.8	122364.1	114124.8	122440	110923	121270	110449	125555.2	117749.5	122449.4	112205.1	120346.9	122887.4	118356.4	119144.2	116437.7	108144.4	111198.6	117660	118157.2	110355.6	137432.4	162542.5	141202.9	142750.5	141638.8	133687.7
1415782_at	36070.4	40958.3	41679.5	34713.8	34860.6	35015.7	34256.7	37182.7	33787.9	33004.9	38696.9	36763.2	33923.6	27959.3	31592.9	31450.4	35710.1	36530.6	35345.2	38777.9	40659.8	40261.9	37799.7	35989.8	41002.5	39817.6	40773.7	35121.7	42919.1	35973.3	38583.4	36057.5	38122	40053.1	37362.7	36136.7	37388.4	39862.3	37077.1	36030.9	37219.9	34965.7	41976	63252	53364.9	45564.2	46040.6	43588.1
1415783_at	29759.9	33579.2	34443.2	35844.7	29176.1	30985.8	31003.1	33634.2	26705.3	24723.6	35348.1	35862.1	38632.8	26960.1	30185.6	30106.3	35140.8	35472.7	39891	36567.4	34911	36303.3	34459.9	33715.3	32997.9	31433.8	36376.2	33049.8	38144.7	33750.8	36221.5	31755.3	34593.1	35242.7	34628.8	36236.3	38629.5	34845.4	37255.4	32961.2	36818	34596.4	41904.5	56968	55420.4	41996.5	43791.7	41978.5
1415784_at	4956.3	5645.7	5923.1	5940.7	3850.7	3535.3	3735.4	5530.7	2280.4	1776.2	3963.8	6389.2	5484.9	1852.5	3204.1	3401.6	5457.6	5254.7	5277.4	4412.9	5038.4	5151.2	4794.3	3892.3	4162	4768.6	4945	5454.2	5043.8	4586.8	5238.8	4514.4	5052.7	5037.9	5114	3855.7	5394.3	5623.8	4577.6	3728.5	4381.3	3781.6	3808.4	8537.5	8402	5722.4	5386.2	4667.2
1415785_a_at	23458.3	26529.1	26364	23774.8	21427.7	20008.4	19936.1	20974.7	18349.5	21651.7	20786.8	23789.8	22073.1	18499.3	21764.1	22816.6	22212.7	22007.5	20131.6	19374.2	23302	23412.9	22500.6	21679.6	26958.1	23521.9	25786	24842.7	24726.2	20166.3	21862.3	23345.3	21731	23019.5	21666.4	21925.8	21746.5	23511.5	21903.5	22240.3	22671.6	21329.4	24172.9	25319.4	26374.2	23224.7	24469.6	24350.8
1415786_at	73.5	75.7	71.4	75.6	73.2	75.4	74	76.9	72.6	73.8	73.9	75.2	76.6	75	74.5	77.7	76.2	74.5	72.8	73.7	75.7	77.1	82	82.1	76.7	77	76	78	77.9	77.6	76.1	77.3	75.8	76.9	81	75.3	76.7	77.3	75.9	94.9	77.4	77.2	78.2	79.4	79.7	78.7	81.6	81.4
1415787_at	6181.4	5015.4	5936	5902.3	7251.4	6113	5571.7	4316.8	7307.2	8337.4	4530.9	4587.2	4975.5	5952.8	6300.9	5919.3	4206.6	4930.2	5742.6	4660.7	4526.7	4668	5188.5	5327	5141.5	5901.8	4461.8	5727	3255.8	3653.8	4595.7	4051	5625.8	4845.5	5214.3	6156.4	4822.2	5954.1	5033.6	5143	5138	5823.9	4534.8	1882.6	2421.4	2864	2184.2	2970.5
1415788_at	8186.1	7596.9	7360.5	7159.9	8497.7	7534.4	8250.4	7574	7668.3	6574.8	7997.5	7671.8	7779.8	6956.7	6733	6421.5	9093.7	8932.7	9720	9686.9	10120.7	9684.2	8916	8228	7715.9	7565.4	8772.3	7518.2	8076.3	7679.4	7940.7	7658.9	9460.3	9113.9	7763.5	8260.9	7873.9	7854	8369.5	8047.2	8068.1	8183.5	11614.9	13021.5	12516.3	11523.4	11148	9043.5
1415789_a_at	4875	5315.7	5779.5	5025.3	4932.9	5239.2	5328.8	5408.8	4682.9	5588	5333	5275.8	5348.5	4957.1	5148.2	5780.4	5858.9	5930	5836.9	6655	6693.2	6062.8	5594.6	4603.4	6520.1	5783.1	6215.3	5618.7	6182.4	7014.4	6440.9	6529.6	6659.4	6454.2	6080.5	6319.4	5936.6	5245.7	6238	5576	6695.7	6073.4	7091.7	9021.1	9159.6	7359.6	7406.4	7088.1
1415790_at	1208.2	1152.7	1098.2	1171.7	1128.6	1066.6	1236.1	1085	1151.1	1084.3	1113.3	1052.8	1135.7	847.3	898.1	1115.5	1248.1	1293.9	1135.1	1423	1262.5	1336.4	1219.5	1038.9	1169.4	1106.2	1350.2	1177.6	1178.3	1101.3	1339.7	1157.1	1440.7	1201.8	1178.6	1221.3	1239.2	1018.1	1214.1	1194.5	1190	1250.1	1311.4	2199.7	1863	1341.5	1254.7	1261.2
1415791_at	2003.8	1845.7	2085.5	2062.7	2303.5	2212.7	1785.6	2135.9	1826.7	1498.4	1984.3	1660.9	2002.3	1284.7	1836.7	1579.5	1906.4	1992.6	2280.9	2188.3	2179.2	1850.8	2015.6	2025.6	2011.4	1811.1	2329.9	2095	2650	2503.5	1996.4	2160.8	2319	1953.9	2506.7	1805.5	2503.2	2044.7	2049.9	1851.5	2019.6	2060.4	2001.6	2129.8	2033.2	1979.5	2635.7	1921.2
1415792_at	1794.6	1792.3	1589.3	1462.1	1603.4	1499.4	1613.4	1250.1	1566.9	1885	1490.9	1527.4	1707.4	1988.2	1735.1	1779.6	1673.6	1750	2048.8	1735.4	1805.7	1733.6	1723.6	1756.6	1742	1877.5	1385.1	1615.1	992.2	1602.3	1357	1469.5	1543.6	1540.6	1471.8	1795.7	1508.5	1584.3	1613.6	1699.7	1683.7	1692.6	1775.1	1491.9	1646.1	1289.9	996.6	1076.1
1415793_at	25045.5	22076.4	22744.4	22490.9	25802.1	22337.9	22396.4	21361.9	20739.8	24634.3	19035.2	22232.3	24151.2	22081.1	20747.1	20944.3	23147.7	24079.1	28030.2	21253.2	21916.6	22515.3	24335.3	25310.9	25068	25429.9	21297.9	24435	18125.1	21613.6	23358.5	21519.4	24923.6	23365.2	22856	22907.2	22712	26719.8	23113.5	23189.2	24452.4	23166.9	20155.5	14768.8	18442.5	18814.1	18409.3	17196.8
1415794_a_at	16554.7	18212.3	18696	17143.4	16769.5	21552.8	18354	16906.4	18066.6	23502.9	16246.8	18938.2	18312.2	19016.7	20726.1	22099.9	18426.7	19171.3	20316.8	21730	18434	16617.8	16786.7	18360.6	17610	17828.3	17314.1	18662.5	14546.4	19342.7	16008.7	17511.8	16838.2	16812.5	17477.5	20827.7	19266.2	19335.2	19699.4	19611.4	19372.4	20811.1	21248.5	17837.9	16580	16618.3	14157.4	16206.7
1415795_at	2517.6	2897.3	2931	2545.6	2000.8	2273.5	1820.1	2482.7	1321.7	1384.3	1796.7	2634.9	2814.3	1514	2834.8	1881.9	2645.5	3099.1	2913	2964.5	2857.5	2377.4	2400.3	2340.4	2104.7	2719.9	1690.2	2432.6	1724.1	2300.7	2229.5	2385.6	2351.4	1661.4	1968.4	2011.2	2366.4	3045.5	2054.5	1801.7	1901.7	2057.1	1614.8	3031.1	2627.1	1917.6	1819.1	1790.4
1415796_at	41285.8	40010.6	41704.7	45032.8	45942.5	45473.9	43944	45320.1	46115	49369.8	46874.4	48864.2	51438.5	46715.6	48132.6	47332.9	48404.6	44301.9	46231.2	39921.7	43597.3	38070.9	36750.7	36844.1	37394.5	39307.8	41564.1	45280.7	45794.2	43505.3	46753.5	49286.3	48549.1	51405.4	53177.4	51201.4	54359.2	47796.3	52148	47716.1	46945	50971.8	40542.3	32486.9	34021	32045	36845.4	35616.9
1415797_at	109	108.5	109	109.3	108.1	109.5	108.1	110.3	102.3	105.8	107.7	107.2	109.8	109.2	106.7	110.7	109.5	108.9	102.1	109.3	109	110.4	110.7	111.9	109.8	110.1	108.9	110.2	110.8	111	109.4	86.8	109.1	110	108.8	108.7	110.2	108.3	109	111.5	110.5	110.2	110.3	111.6	110.4	111.2	111.8	114.4
1415798_at	46	45.8	45.9	46.1	44.7	45.6	45.7	46.2	44.7	44.3	45.5	45.8	46	45.9	45.6	46.5	46.1	47.5	46	46.1	46.1	46.1	46.7	46.7	46.4	46.2	46	46.3	46.6	47.4	46	46.4	46	46.4	46	45.5	46.4	45.7	45.8	47	46.3	46.4	46.6	47	47.5	46.9	47.5	48.1
1415799_at	2889	3005.6	2672.3	3033.1	2679.3	3040.4	2711.3	3449.6	2661.3	3307.5	2576.5	3365.3	3167.9	2939.3	2825.8	3597.5	3600.5	3477	3286.3	3203.5	2915.9	3028.1	3251.4	2834.9	2939.2	3052.1	2728.9	3287.6	2014.5	3283.5	3340.8	3240.6	3472.5	3087.8	3276.1	3056.7	3076.6	3308	3274.3	3126.2	3536.1	3157.3	2889.4	1723.5	1801.4	1937.9	2090.7	1610.6
1415800_at	931.5	1337.4	671	1235.1	1126.1	1214.5	1084.8	1400.9	423.2	800.7	1248.6	1246.5	1668.3	810.7	1014.4	1092.9	1271.6	1595.6	1623	2046.5	1420.3	1344.4	1340.7	1238.4	1352.8	1344.9	1126.5	1295.4	1894.4	1742.2	1343.6	1305.1	1321	1536.3	1114.4	1827.5	1838.7	1376.4	1746	1811.6	1599.8	1650.3	2128.6	1576.4	1418.1	1833	1521	1459.1
1415801_at	63.4	66.4	66.3	65.2	60.9	64.7	65.9	67.8	81	63.3	64.1	66.2	78.8	56.2	54.4	67.1	66.3	64.6	66.6	65.1	65.7	70.1	68.9	81	68	71.7	66	67.2	101.3	78.2	66.2	68.6	66.8	66.6	66.6	59	67.5	66.1	66.9	67.1	67.4	67	67.5	69.8	68.9	70.1	68.8	70
1415802_at	26388.5	26415.5	27430.9	26516.9	29523.8	28978.9	27692.8	29695.3	28394.2	25480.5	21880.4	25389.7	21998.4	18224.8	15864.2	15056.4	13768.3	14065.3	16489.7	11666	15710.4	18039.6	25442.4	23732.1	25331.9	22794.8	22487.4	22600.6	21207.3	23996.1	27433.3	24160	31505.9	24397.5	23568.8	17177.9	22851.3	17491.3	13688.9	12540.4	14958.4	15186.4	12318.3	11338.4	13939.5	20634.6	18737.3	18142.1
1415803_at	58.5	59.2	64.1	59.5	62.7	58.9	57.9	60.1	58.2	56.8	57.9	58.5	69.7	58.7	58.1	60.6	59.4	75.8	58.8	66.8	59.5	59.8	65.7	66.7	59.8	60.1	61.2	60	60.8	60.5	59.5	60.1	59.5	59.9	59.6	59.3	60	57.5	69	60.8	59.9	60.3	60.8	61.7	61.4	60.5	61.8	63.2
1415804_at	181.3	177.9	177.8	182.6	179.1	179.9	181.2	233.9	166.2	169.8	174.5	178.4	183.3	176.6	173.3	185.2	184.2	178.2	179.3	177.8	177.8	178.5	185.8	194	183.9	194.7	183	206	190.4	183	180.9	184.8	177.4	184.8	182.3	175.4	184.5	194.3	180.2	188.2	182.9	184.5	184.8	211.9	193.3	192	196	200.6
1415805_at	53.5	54.3	54.5	54.8	53.7	54.8	52.9	29555.1	53.3	54.3	54	54.2	55.1	54.8	53.3	55.8	55.2	53.9	54.7	54.9	54.9	55.6	55.8	56.4	55.3	55.4	54.9	55.3	10852.3	56.4	54.8	55.5	54.6	55.3	54.9	54.6	55.5	53.7	54.8	56.1	55.6	55.6	56.2	57.1	56.8	56.6	57.4	58
1415806_at	76.7	77.9	83.9	78	106.4	78.7	83	81.4	74.4	76	78.2	93.2	80.4	78	75.6	81.9	81.8	78.4	78.7	79	79.5	82.7	121.2	84.7	80.3	110.7	86	96.8	92.3	86.2	79.6	82.7	78.8	90.4	82.5	80.8	80.5	77.8	79.3	83.3	82	84.5	83.7	89.8	89.8	127.4	95.7	90.8
1415807_s_at	3552.3	3754.2	3099.1	2836.3	2704.5	2433	2396	3010.1	2160.2	1970.5	2123.5	3208.4	2811.5	2118.9	2229.7	2313.6	3103.1	3869	3506.4	3121.6	3437.9	3405.7	3899.7	3556.8	3395.1	3209	2442.7	3082.3	1908.6	2839.2	2457.7	2768.7	3903.5	3479.6	3670.3	2619.6	2717.3	3069.7	2662	2501.9	2799.3	2757.2	1492.7	2352.4	2467.9	2287.1	2716.6	2188.6
1415808_at	87.4	91.7	92.6	91.8	88.7	82.8	85.6	93.6	89.7	81.4	88.7	92.3	93.5	89.8	91.3	94.3	94.8	86	91.2	92.3	92.2	95.2	94.4	96.6	93.4	94.2	89.7	93.1	97.6	97.6	92.3	93.9	93	93.6	92.8	92.6	93.7	88.8	90.4	95.1	94.2	93.9	96.6	105.3	101.1	97.7	102.3	113.3
1415809_at	58.9	60	60.4	60.8	58.7	60.6	59.1	61.7	58.4	58.5	59.6	60.3	61.3	60.3	59.5	62.5	62.4	60	60.2	60.5	60.9	62.9	62.2	62.5	61.5	62	61	61.7	63.3	63.8	61.2	63.8	60.3	61.7	61.4	60.5	62.2	60.2	60.9	63	62.2	65.3	62.6	65.5	64.3	63.8	63.6	68.6
1415810_at	82.1	85.5	87.7	84	81.8	88.7	82.4	87	81.4	83.4	84.9	84.7	85.5	85.1	83	87.5	88.9	86.5	84	85.8	85.9	194.7	87.2	88.6	88	87	93	86.4	87.9	92.5	85.4	87.4	85.2	89.3	85.8	84.6	86.1	87	85.6	87.8	87.2	86.8	87.8	90.3	91.1	88.5	90	98.3
1415811_at	51.9	52.7	52.4	52.8	51.1	52.7	51.5	53.7	50.5	51.4	52.3	52.4	53.3	52.7	51.9	54.1	53.4	52.3	52.4	53	53	53.8	53.8	54.5	53.4	53.6	52.9	53.4	54.2	54.7	53	53.8	52.9	53.5	53	52.6	53.5	52.3	52.8	54.2	53.8	53.8	54.2	55.5	55.1	54.8	55.3	56.8
1415812_at	1964.1	1630.3	1966.9	1765.5	2454.6	2134.7	1784.4	1502.1	2078	2051.3	1926.1	1750.2	1517.8	2388.7	1955.7	1915.1	1600.2	1528.7	1429.4	1562.1	1680.1	1418.9	1507.6	1616.4	1594.3	1512.3	1460	1768.3	1346.7	1853.1	1389	1436.4	1545.9	2213.1	1765.8	2019.7	1506.9	1728.4	1489.3	1506.4	1378	1613.8	1593.8	983.2	548.9	1203.3	852.4	858.6
1415813_at	14033	11746.1	13740.3	12448.8	13011.2	12928.2	12427.7	10241.9	13389.3	13115.6	12537.6	10716.6	10818.1	11575.4	10166.3	10362.6	10831.5	11767	13815.4	11202.1	13261.5	13036.2	12474.9	12888.4	12326.3	11938.1	13700	11785.8	10871.9	10248	11089.4	10154	12108.2	11582.9	12258	11594.7	11046.7	10585.5	10996.5	10684.3	11359	11101.7	13650.7	9386.7	12310.2	11041.8	11064.4	10829.4
1415814_at	3502.2	3500.1	4310.5	4143.8	4873.6	4079	4003.3	3527.2	4329.4	4105.5	3809.4	3847.1	4021.4	3842.6	4058	3517.5	3708.4	3201.2	3369.3	3338	3914.8	3393.3	3012.9	3331.1	3079.9	3711	3681.5	3014.8	3241.3	3550	2951.1	3075.7	3779.8	3920.3	4152.2	4620.9	3598	4626.1	3772.7	3094.4	2915.4	3339.3	2947	2140.7	2240.8	2394.5	2362.2	2579.1
1415815_at	61.5	62.7	61.6	62.4	60.3	62.6	60.5	64.4	59.7	59.1	61.9	62.9	64	62.5	62.9	64.7	64.4	62.6	63.8	63.9	63.2	65	64.9	66.1	64.1	72.3	63.7	63.8	65.9	66.2	63.2	65.3	61.8	64.4	63.8	62.2	64.3	61.2	63.1	65.4	64.7	64.6	66.1	68.9	66.8	66.5	67.9	69.1
1415816_at	12629.6	13141.4	14599.8	12177	13982.2	12262.2	11579.8	10919.5	13645.8	12706.5	11989.1	10257.7	10085.3	12717.8	11401.2	10357.5	10378.4	11101.4	10553.7	9434.7	11316.9	12269.3	11861.9	11365.2	13574.5	13947.2	13594.2	11678.3	11374	11657.3	10561.9	10207.9	12042	12420.4	10312.3	9899.7	9454.5	11532.9	9743	10193.7	10237.5	10474.3	12419.2	12964.2	13170	12732.1	12418.4	11042.4
1415817_s_at	18866.4	20778	20181.6	19714.3	18480.9	16454.2	13788.8	15412.5	15653.9	13835	14316	16408.4	15540.7	11848.6	13421.7	13860.1	13764.8	14028.7	15660.8	14938.5	15986.6	17449.8	18639.4	19207.3	21923.5	21115.8	18129.7	19400.1	17081.2	15941.8	15123.5	15137.9	15809.5	16525	14724.7	14248.9	14692.3	18460.8	13513.3	14674.5	14048.8	14100.1	14232.6	17064.8	17152.2	16986.1	16428.2	17749.2
1415818_at	6627.3	5177.5	6050	5524.6	6763.7	5776.4	5129.8	4809.9	5819.2	6828.7	5031.1	5458.8	5540.8	6033.1	5281.3	5045	5251.3	6094.1	6364.4	4661	5689.3	5260.6	5898.7	6128	5585.3	6441.3	5730.7	5937.2	4413.2	5207.4	4316.3	5321.8	4889.2	5336.1	5279.4	5934.9	5349.4	5069.8	5198	5272.4	5418	5715.6	4310.6	2351.7	2621.8	2839.2	2804.3	3697.1
1415819_a_at	4985.5	4909.1	4645.2	4281.7	5827.4	4546.8	5318.6	4770	5527.9	5922.5	3711.8	5295.4	4963.3	5007	4725.6	4708.7	5059.6	5143	5158.7	4387.2	4159.2	3850.7	4265.5	4098.3	5061.5	5075.3	4062.8	4839	3614.1	4843.4	4181.6	4701.3	5265.5	4937.9	5846.5	5344.9	4997.8	5329.2	5120.6	4731	4878.8	5229.1	3935.9	1784.3	2382.8	2283.7	2077.7	1996.1
1415820_x_at	5800.8	6530.7	5440.5	5760.5	5631.2	6078.3	6323.1	6679.2	6684.6	6919.3	6400.7	6293.4	6101.7	6109.7	5640	6582.6	5980.6	5874.1	5727.3	6891.8	6260.1	6297.5	5663.5	5980	6187.3	5804.2	6395.7	6560	6210.2	6602.1	6735.4	5809.6	6595.7	7322.5	6304.8	6540.7	7899.4	6491.9	6861	6262.3	6731.2	6701.3	7400.3	7171.1	6489.2	6155.9	6189.1	6301.1
1415821_at	12258.5	11855.5	10992.3	12036.6	11715.7	11363.5	10950.8	10661.6	9226.5	10156	11182.4	11758.9	11924.5	11822.5	12014.4	12446.2	12183.8	13240.6	13825.1	14206.7	15133	13758.2	12813.9	13897.1	13890.5	13783.3	13260.1	14559.6	13035.4	12450.9	11414.6	10789.3	12533.1	10880.9	10910.6	12713.4	13346.6	13227.9	13577.8	13483.5	14387.6	14148.3	15476.6	14541.4	14011.9	14367.7	16247.6	15066.7
1415822_at	761.6	526.7	813.4	677.9	594.8	776.3	633.1	699.7	881.2	521	466.5	533.9	530.8	393.7	488	459.6	315.7	459.4	618.4	642.4	434.8	609.6	736.6	569.5	1075.5	571.1	576.5	634.9	336	462.7	509.2	541.8	584.7	521.8	583.3	540.2	509	492.2	433.7	518.3	556.2	434.8	536.7	423	421	473.3	423.5	433.6
1415823_at	57.7	58.2	57.8	58.1	57	58.1	56.7	68.7	55.9	56.7	57.3	58.2	58.1	57.5	59.3	58.4	58.1	61.1	57.9	58.1	57.6	58.6	60	59.1	58.6	58.9	58.2	71.5	59.3	59.3	58	58.7	58.2	58.3	57.8	57.7	58.6	57.5	57.6	59.1	58.7	58.7	59.2	59.9	59.7	59.2	60.1	60.6
1415824_at	44.2	45.1	44.4	44.8	44.5	44.7	43.8	45.7	43.4	43.7	44.4	44.9	45.4	44.9	44	45.7	45.2	44.4	44.7	45.3	45	45.4	45.8	46	45.5	45.6	44.9	45.7	46.2	46.5	45.1	45.7	45	45.9	45.3	44.5	45.9	44.4	44.9	45.7	45.8	45.6	47	46.9	47.6	46.5	46.5	46.8
1415825_s_at	3991.7	3942	3994.9	3852	4400	4123.1	3357.9	3392.9	4194.9	4069.2	2716.2	3411.8	3511.3	3614.1	3652.7	4117.8	3296.8	3075.4	3718.8	3280.4	2893.4	3119.7	3505.6	3753.6	3492.9	3775.3	3925.4	4465.7	2604.9	3415.4	2764.9	2831.1	3777.5	3248.9	3329.6	3502.2	3420.4	3406.5	3270.7	3697	3281.2	4022.5	3927.8	1682.8	2286.4	2051.9	2238	2332.2
1415826_at	14629.6	20087.2	16862.1	16322.3	15946.8	16403.4	15337.6	14985.4	20272.8	18694.4	23549.5	19980.7	17575.9	19200.7	15835	17378.1	18880.8	22155.2	19653.4	16264.2	18583	16315.1	16762.5	16713.3	19093.4	18605.6	19909.5	13115.2	16138	22453.6	15118.3	17831	17395.6	15436.5	14147.1	19362.9	19889	16067.6	28793	22922	16514.4	17519.8	20525.9	20568.1	21020.1	19312.8	18146	14570.5
1415827_a_at	67732.2	75553.2	82364.1	71604.1	63811.7	64366.9	71652	62957.3	72044	59553.2	56286.8	60181.4	58073.3	50858.2	55280.2	55592	58358.2	58786.5	59082.2	62318.3	69091.3	77655.7	75989.7	73638.3	86887.4	78718.8	76888.7	71990.6	72967.8	67615.8	63649.3	59449.4	75889.9	71434.8	60949.6	57032.7	59546.6	66273.6	54730.4	56702.8	60438.3	57975.7	73588	82589.9	84196.9	83624.1	86934.6	82401.5
1415828_a_at	76017.3	83961	86749.5	76290.8	63771.4	58481.7	62086.4	72055.8	46708.4	33012.2	47710.5	68213.1	67794	32877.2	46618.9	45662.7	65201.4	72491.1	70584.8	61786.2	77427.6	79553.6	84098.6	81467.5	86240	94928.8	79899.1	76468	72930.6	73999	66083.9	66595.7	80050.7	70612.5	66417.1	53352.7	58774.1	73403.1	53040.6	49788	59518.4	53402.3	40507.9	85877.3	88732.2	90405	89147.5	82972.8
1415829_at	5211.3	5388.2	4690.5	4456.2	4802.4	4755.4	4315.9	4217	4005.2	4100.8	3489.6	4396.7	3932.8	4405.2	3688.3	3984.8	4627.1	4957.5	5275.3	4534.2	5305.1	4218.5	4382.8	4689.7	5370	4738.7	5264.4	5083.4	4078.8	4975.2	4031.4	4021.7	4274.5	4263.4	4570	5059.9	4424.4	3450.1	3834	4540.7	4760.7	4257.1	4551.4	3883.9	3658.4	4296.5	4189.5	4197.2
1415830_at	3365.4	3116.7	2913.3	2784.5	2800.6	2764.1	3104.3	3134	3150.6	3748.8	3097.7	2755	2825.6	2988	3189.4	2948.8	3178.6	2995.7	2907.7	3377.1	3145.4	3268.7	2910.8	2641.7	3123.5	2914.7	3213.1	3155.6	3282	3257.5	3120	3371.6	3663.3	3841.4	3318.7	3197.2	3431.6	3317.3	3076.1	2734.9	3330.2	3006.3	3381.1	4081	3325.2	3351.8	3664.7	3416.9
1415831_at	23173.6	22669.5	24570	21541.5	24983.3	24908.6	23609.6	19270.9	26749.6	27580.8	24810.8	23452.7	23626.5	25877.6	24919.6	23571.3	21698	22511.2	24325	18165.1	18937.1	21842.6	19727.1	20731.9	20692.3	22976.5	20737.8	23211.2	17832.8	19807.9	20866.3	20203.2	22116.6	23096.2	24495.3	26109.3	23799.8	26485.2	21260.5	22840.7	22239	23533	21279.7	15610.7	15171.3	16018.3	15857.5	16998.3
1415832_at	78.4	80	77.6	80.3	74.6	79.8	75.4	82.4	76	78.3	77.8	79.8	81.9	80.2	78.1	82.8	82.1	79.4	80.1	80.4	80.4	83.8	84.6	84.1	82	82.3	80.1	81.7	84.4	87.2	80.8	83.1	79.1	84.6	82	78.2	81.9	77.9	80.2	83.4	82.7	82.6	84.7	87.6	87.3	85.2	90.6	92.5
1415833_x_at	156904.8	176275.8	180670.9	159028.2	184783.6	165541.7	158116.5	159932.9	186127.6	184658.5	202226	170998.1	158816.7	169256.9	163966.3	151760.7	169915.8	168676.6	156011.3	155333.5	166674.9	155836.2	154091.8	162333.9	149664.6	152496.2	162770.4	135177.4	174530.2	146899.5	148589.3	155797.5	149137.8	178883.6	163290.2	167998.7	160058.6	156278	146120.7	149667.3	140102.9	149239.2	156598.9	158755.7	162842	165420.2	165989.8	165791.9
1415834_at	3435.6	3358.4	3261.5	2783.5	3014.3	5396.2	3977.1	3934.1	3066.8	3369.9	2047.7	3118.1	2558.5	2755.5	3007.8	3482.1	2091.5	4183.5	4662.4	3496.3	4407.7	2329.7	2781.6	2231.9	2302.3	1804.1	3394.2	2729.4	2359.6	3779.1	3985.7	2416.8	3517.6	2508.7	3862.7	4135.9	2934.7	2997.6	2595.4	2186.3	3690.9	3358.5	2915.3	2917.4	4026.6	1768	1752.5	1728.7
1415835_at	75.3	76	75.5	76.1	73.6	76	72.2	79.5	73.4	74.1	76.5	76.6	78.8	76.4	73.7	79.9	79	75.6	76.9	76.3	77.1	80.5	80.1	86	79.9	80.9	77.4	78.2	82.7	83.6	77.9	79.8	76.7	80.7	78.4	77.1	79.1	75.4	77.9	81.9	81.9	79.5	80.9	93.7	84.6	84.8	87.5	88.9
1415836_at	80.5	82.5	83.7	84.4	96.4	91.5	87.4	85.8	81.3	76.8	91.9	83.6	85.6	82.8	77.5	85.7	114.7	84.7	97.5	83.1	83.2	85.6	86.2	88	85.4	125.4	84.6	85.6	88.8	91.1	85.2	85.9	83.4	85.9	84.7	82.3	86	94.5	84	86.4	85.6	85.6	86.5	87.6	90.4	87.5	92.7	90.7
1415837_at	140.9	99.9	94	119.7	73.2	99.6	96.4	7711.5	102.5	88.1	104	97.6	92.5	82.5	101.6	103.6	97.8	99.6	92.4	91.2	91.4	119.2	98.8	111.8	97.5	146	101.3	93.3	1697.9	105.9	101	97.2	100.3	244.1	94.6	88.4	95.3	86.9	108.5	100.6	101.1	103.4	174.5	249.6	106.4	105.9	114.9	200.4
1415838_at	46246.4	49156.4	49999.5	53170.3	40419.6	42907.2	43724.8	46089.9	37790.9	41432.7	48070.5	55831.3	54614.4	37209.9	42705.9	40763	50048.6	54297.9	51124.1	48475.5	54766.2	46909.2	43723.6	43755.8	47721.9	47974.8	47402.6	50879.4	50683.3	45123.8	47801.8	46178.2	51071.9	49152.5	47655.7	46640.4	56519	50116.5	48477.5	45569.3	49584.6	51523.1	48279.9	67643.1	64630.3	55038.2	53424.3	55388.3
1415839_a_at	33744.2	40629.6	35715.3	41022.4	31213.3	36443.8	35658.5	42058.9	33448.8	35221.2	39835.4	45041.7	42381.8	35012	39363.4	43343.2	46125.5	41664.6	44063.2	50047.7	51653.6	41042.7	38394.2	37968.4	41371.2	35479	39224.9	43001.3	49400.8	38794.6	38794.6	38259.9	44673	43691.6	36068.3	40134.9	49532	40930.3	44797.9	44880.4	47201.9	44216.5	63577.3	64239	56734.1	48978.7	51975.6	48077.8
1415840_at	113649.3	94864.7	96143.6	103230.8	114943.6	118200.4	96965.7	115027.3	131010.7	140199.9	106502.6	96810.5	92518.8	125749.5	96448.5	95412.4	73354.9	61485.3	64549.6	40524.6	53996.2	55523.9	61128.5	69865.3	68057.4	58422.6	96792.9	101522.7	82124.2	97538.2	115875.5	104114.4	79711.1	90339.6	117621.8	101933.5	92303.7	71696.1	93691.9	72397.7	84220.7	78002	42944.8	28613.1	28026.9	29158.6	30679.2	40572.4
1415841_at	6481.8	6449.5	6551.1	6860.4	7427.2	7148.7	6392.6	6638.4	6643.7	6539.2	7650.6	7056.2	7045.2	6861.4	6579.4	6462.4	6740.4	6168.6	6178.1	6663.2	6441.3	6293.5	6369	6350.1	7282.9	7186.6	7709.3	7516.1	7550.9	6802.3	7041.3	7170.4	7299.7	6933.2	7061	7440.4	7697.1	7499.4	7334.1	6935.3	6878.3	6380.2	5686	7305.3	6083.5	6054.2	6758	7281
1415842_at	98.1	110.1	91.8	125.5	96.6	98.8	95	100	104.2	85.3	96.4	97.8	101.9	90.2	99.6	99.8	98.7	94	97.6	89.8	114.5	127.9	100.4	100.1	99.3	100	106.3	103.2	103.2	100.8	113.6	111	96.6	138.7	98.4	92.9	100	99.7	96.1	99.2	96.3	96.2	102.1	120.3	107.6	99.5	100.8	101.6
1415843_at	50.2	53	50.4	50.8	49.5	52.6	49.9	51.5	49.1	49.5	50.2	50.2	50.8	50.3	50	52.1	50.8	50.7	52.5	50.9	50.9	51.1	51.2	51.9	51	51	50.8	51	51.6	62.6	50.8	51.5	56.9	51.3	50.8	50.5	50.8	49.8	50.8	51.4	51.2	51.3	51.7	53.1	52.3	52.1	52.6	53
1415844_at	108.8	112.7	111.4	106.2	113.2	111.8	101.3	119	112.8	102.8	104.6	114.4	116.4	117.5	103.9	114.5	120.5	113.2	115.3	111.9	117.8	119.6	119.2	120.6	120.7	122.6	118.4	119	124.3	125.4	115.8	119.9	113.5	120.6	118.1	117.5	117.9	103.3	117.6	124.5	120.6	121.2	125.6	142.1	133.9	122.5	131.2	143.5
1415845_at	57.7	58.6	59	58.5	56.4	58.6	58.6	59.8	56.4	57.1	58	58.2	59.2	58.6	58.3	60	59.4	58.1	58.7	58.9	58.9	59.8	60	60.7	59.5	59.7	58.8	59.4	60.5	60.9	59.3	60.4	59.2	59.5	59.1	58.2	59.5	58.5	58.7	60.4	59.9	60	60.5	62.1	61	62.2	62	62.5
1415846_a_at	54.5	55.8	55.2	55.8	53.5	55.2	54.1	57.2	53.2	54	55.2	55.3	59.2	55.9	54.8	57.3	56.7	55.3	55.4	55.7	55.5	57.1	57.2	58.1	56.7	56.9	56	56.7	57.6	58.1	56	57.3	56.1	65.4	56.2	55.3	56.8	54.8	55.9	57.5	57.3	57.1	58.5	58.9	62	58.8	60.3	65
1415847_at	94.9	67	64.2	64.7	68.3	64.4	63.1	65.7	63.2	62.8	64.1	64.1	65.2	64.5	63.5	66	67.1	61.4	61.8	65	69.6	65.8	70.9	64.7	65.3	65.8	65	65.5	67	67.1	101.7	65.7	65.1	65.4	64.9	64.2	65.6	64	65.1	65.9	63.7	72.3	66.5	83.5	67.2	67	66.9	69
1415848_at	111.6	125.8	125.2	116.1	119.6	117.7	124.2	126.6	119	106.6	124.9	145	120.6	116.7	121.6	126.8	128.5	117.5	125.3	118	124.6	127.1	130.4	129.3	126.5	136.1	120	122.1	135.7	135.7	120.7	126.5	115.1	127.5	125.1	125	122.8	122.9	125.1	126.8	124.3	127	134.7	174.4	136.6	134.9	149.6	154.4
1415849_s_at	2235.6	2443.1	2069.2	2335.7	2372.7	1998.6	2924.8	2320.3	2393.7	2313.2	2102.5	2293.9	2354	2111.4	2420.8	1739.1	2189.8	2558.8	2602.4	2859.3	2719.2	3720	2404.8	3073.2	2674.8	2626	2423.4	2393	1941.2	2334.7	1821.1	1744.9	2771.9	2846.4	3017.8	2314.7	2106.5	2847.5	2299.4	2328.2	2254.4	2063	1820.9	2266.1	2148.5	1971.4	2418.8	1923.9
1415850_at	394.4	413.3	305.1	435.4	426.9	434.9	391.4	438.9	400.2	531.8	431.6	442.3	610.9	578.8	686.8	661.7	579.5	588	588.3	438.3	422	411.6	377.4	355.3	411.5	470.3	344.8	438.6	414.8	440	331.1	412.8	538.8	438.5	464.1	531.4	477.2	573.5	593.6	651.7	440.1	691.6	414.2	345.9	226.5	228.2	274.8	229.4
1415851_a_at	5522.1	7505.8	6074.8	5676.8	5414.9	5596.5	5399.3	5322.4	6135.1	6100.8	4334.5	5982.8	5464.6	5627.4	4843.9	5019.7	6387	7253.5	5913.9	5799.9	7063	5688	6629	6118.8	6976.1	5692.2	5722.1	5547.2	3972.5	5783.2	4813.1	4690.5	5104.3	4911.9	4657.6	5102.3	4369	5121.9	4159.9	5356.2	4015.2	4214.6	4622.9	2757.1	4575.5	4111.3	4032.5	3551.6
1415852_at	5978.2	6464.1	6495.2	5902.9	5977.8	5198.5	4637.8	4650.7	4469.3	4372.8	3546.9	5451.8	5618.6	3516.5	4177	4672.3	5256.5	6025	5797.7	5537	5955.4	4917.2	6399.1	6289.9	7094.6	6958.4	5276.7	5595.2	3632.3	4774.4	4101.2	4121.7	5034.9	4585.1	5043.4	4463.6	4145	5301.2	4173	4272.6	4369	4174.5	3870	2746.5	3875.1	2827.3	3369.8	3547.6
1415853_at	372.8	324.6	352.4	326.6	454.1	393.6	389.6	328.8	561.8	469.2	336.3	318.7	327.2	379.4	319.7	265.9	303	307.7	319.4	319.7	320.8	326.6	397.6	346.3	350.1	329.2	323.3	388.5	236.3	329.1	322.2	259.7	327.1	328.1	325	324.2	327.5	323.2	324.5	327.2	325.3	327.7	331.2	209.9	212.7	209.8	210.7	211.4
1415854_at	53.5	53.2	52.8	54.2	52.3	54.1	52.8	54.8	52.1	52.9	53.7	53.7	54.6	54.2	53.1	55.2	55	53.6	53.9	54.3	54.4	55.3	55.5	56.3	55.1	55.3	54.5	54.9	55.9	56.3	54.4	55.2	54.4	55.2	54.4	53.9	54.7	53.7	54.4	56.1	55.5	55.2	57.2	57.3	56.5	57.4	57.2	58
1415855_at	830.6	645.7	675.7	984.4	412.4	731.6	765.4	758.3	513.9	459.9	597.8	823.3	561.6	650.8	506.4	672.3	954.5	995.3	1031	1200.5	1110.2	837.4	536.5	1025.4	925.9	784.9	897.3	836.2	454.1	578.9	843.4	536.9	794.5	644.4	774	731.8	840.4	723.6	985.6	764	891.6	784.6	967.7	1417.7	1168.8	1266.9	1540.5	994.8
1415856_at	51.8	51.6	51.3	51.7	49.9	51.3	51.4	52.5	49.1	50.1	51.2	51.2	52.1	51.6	51.3	52.7	52.1	51.8	51.2	51.8	51.8	52.3	52.7	53.4	52.3	52.4	51.8	52.2	53.6	53.4	51.8	52.6	51.6	52.4	51.9	51.4	52.4	51.3	51.6	53.1	52.7	52.6	53	53.7	53.5	53.7	53.8	54.3
1415857_at	48.7	52.7	48.9	48.8	47.2	49.1	48.6	49.6	47	48.2	48.8	48.7	49.3	48.8	48.5	49.8	49.3	48.4	49	49.2	49.2	49.5	49.8	50	49.5	49.7	49.1	49.5	49.9	50.1	49.1	49.6	49	49.5	49	48.8	49.6	48.4	49.2	49.8	49.7	49.7	50	50.4	50.5	50.3	50.6	51.8
1415858_at	25647.2	24407.5	25633.8	26260.6	27980.9	26578	25034.5	20763.6	27328.2	26383.9	26216.4	24755.1	26714.1	26776.1	26460.7	25843.3	25155.6	27053.6	27933.6	26927.9	28137.5	27076.4	25476.6	26554.5	24193.8	25259.6	25550.2	25099.5	22901.6	23611.3	21985.6	21297.5	27251	26821.9	28475.8	29044.2	28801.8	30318.8	27208	26936.5	26969.1	26374.6	24997.8	19988.7	19275.6	22541.7	24397.2	24455.8
1415859_at	17552.9	17547.8	17847.5	16834.5	18569.1	18692.9	18683.1	14439.8	20753.7	22551.5	18652.1	17450.3	17200.5	18565	18946.2	16332	17210.3	16996.5	14665.2	16341.7	15630.4	15998.1	13967.4	10376.5	17899.5	17983.4	18078	17325.8	14577.4	16011.8	14742.4	15710.3	16799.4	16936.4	16711.5	18635.1	16677.5	18517.9	16080.5	18241.8	17073.7	17063.2	13686.8	13159.3	11364.7	13750.2	14317.6	12684.7
1415860_at	33914.4	32570.9	32889.5	30087.7	26613	33463.1	37844.2	37617.3	24861.8	21410.2	27073.6	32827.4	33842.3	27512.7	31032	37708.2	42140.1	42867.2	45462.9	46713.1	47495	43880.4	38356.7	37836.6	39801.2	32555.9	38501.9	36294.4	35947.8	35571.8	39188	33508.2	44020.5	34056.5	36405.9	32971.1	33172.1	35598.2	37247.8	39493.7	50839.2	38217.8	46301.1	67209.7	61503.5	48492.2	51882.3	44235.7
1415861_at	58.1	59	58.3	58.9	57.1	58.7	57.2	60.4	56.3	57.6	58.4	58.7	59.8	59.3	57	60.5	60	58.5	58.7	59.3	59.5	60.5	60.6	61.4	60	60.6	59.2	60	61	63.8	59.1	60.4	59.1	60.1	59.4	59.1	60.1	58.2	58.9	61.8	60.6	60.2	61	63.1	61.9	61.9	63.2	67.7
1415862_at	49.7	50.4	50.2	50.5	48.5	50.2	49.4	51.1	48.7	48.9	50.2	50.1	50.9	50.3	50	51.7	51.1	50.1	50.3	50.6	50.5	51.3	51.3	52	51.1	51.2	50.6	51.1	51.8	51.9	50.6	51.5	50.7	51	50.6	50.1	51.1	50.1	50.5	51.5	51.6	51.4	51.8	53.9	53.1	52.3	52.7	53.7
1415863_at	49814.5	45956.9	51498.1	48654.4	51377.3	55342.1	51494.8	44977.8	55640.5	50222.3	46445.6	44808.9	48282.3	51440.3	52727	57846.9	45931.2	50630.6	53351.3	52888.5	55629.8	45836.1	52122.2	51083.3	49360.4	49470	49591	51310.7	43369.8	48726.1	48582.4	47022.1	51152.6	45702.5	46021.7	52901.7	56296.4	49882.7	51039.9	54281.1	50265.5	58119.2	66692.5	46755.5	47620.9	47249	45401.3	45522
1415864_at	2038.3	2751	2521.3	2408.8	2234.9	2277.5	2648	2782.9	1786.1	1190.9	1609.1	2103.8	3342.1	1352.7	1247.8	1762.3	1993.8	2417	8338.7	3124.8	2655.8	1854.6	2476.4	2451.8	2466.3	3238.5	2734.4	2891.1	2166.8	2332.6	2054	2152	2669.8	2832.9	2753.2	1964.4	2665.9	3429.5	2410.3	1462.5	2581.2	2577.6	2569.6	1672	2688.3	2631.2	2563.2	1748.5
1415865_s_at	2222.2	2792.1	2289.3	2316.5	2460.4	2587.9	3595.5	2546.9	3202.7	2197.1	2254.3	2731.3	3067	2232.5	2110.3	2493.7	2981.5	2489.7	8621.4	2296.6	2527	2750.6	2890.6	2458.2	2554.5	3319.8	2858.6	2877.6	2020.7	2199.4	2187.3	2477.2	2732.6	3386.5	3088.1	2376.4	2665.6	3050.8	3064	3230.2	2594.1	2855.1	3677.4	2703.5	3204	3936.4	3046.6	2496.6
1415866_at	566.8	425.2	475.6	517.6	568.3	581.3	472.9	483.2	606.5	471.6	428.1	475.2	481.4	479.2	472.6	485.1	545.6	377.3	398.4	418	460.1	565	502.5	486.5	520.7	482.8	456.3	592.7	434.6	539.8	477.9	483.2	479.9	420.4	537.1	397.4	462.2	474.3	479.1	498.6	558.6	467.9	485.4	409.2	326.9	328.9	513.3	492.3
1415867_at	28711.6	30125.7	30752.3	29990.3	28441.9	27222.3	26095.3	27546.3	28417.1	26874.7	32483.7	30790.4	28971.7	25449.1	26503.4	26134	29456.4	29495.7	29670.5	30159.3	31891.4	29935.9	30550.6	29195.7	29322.6	29813.6	29633.9	27114	28706.7	27055.8	26722.7	25310.2	29444.7	29733.3	28796.1	29549.3	27558.1	29227.1	27949.1	28339.2	27782.9	28672.6	35639.8	36250.8	36144.5	30856	32061.4	31167.6
1415868_at	179.1	269.2	198.1	223.3	175	164.8	178.4	168.4	174.5	176.3	195.8	170.1	183	165.2	180.6	185.5	155.1	165.4	157.3	165.9	194.1	314.9	246.1	260.6	336.9	164.4	363.5	191.9	169.7	187.4	181.9	146	154.5	183.5	145.1	191.4	170.3	310.7	168	165.6	89.3	156	170	127.2	184	273	217.6	256.1
1415869_a_at	6637.8	5856.3	5977.9	5512	7309.3	7492.8	7101	5189.3	7517.6	8049.7	5170.2	5935.6	6583.1	7380.3	6850	7200.1	6823.1	6922.3	8023.8	6215.8	6085.6	5561.4	5499.3	6275.3	6549.9	6267.1	5926.9	6115.5	4134.7	6361.5	5019.2	6001	7301.1	6090.3	5930.9	6788	5685.1	6657.5	6196.5	7226.7	6843.3	7677	6670.4	1911.5	2190.5	2127.2	2403.2	2765.2
1415870_at	13233.4	12918.2	16539.8	13628	15856.6	14263.9	15414.6	13164.4	18100.5	15730.5	16147.2	14924.2	15407.2	14538.4	14623.1	12860.5	12405.7	12337.6	15010.2	12266.2	13811.3	13295.8	13990.7	14465.8	14740.3	13811.3	14962.7	14278.8	13491.1	12376.5	13126.7	13272.2	16381.7	17979.4	14111.1	14725.3	18333	17030.6	14684	13222.2	13541	14973	16730	18116.2	16763.3	15381.8	16983.2	14020.1
1415871_at	2317.9	2129.7	1811.5	1984.2	2535.4	2087.3	1815.9	1421.9	2443.8	2100.3	1656.7	1988.3	1752.4	2002.5	1808.1	2140.5	1785.1	1850.9	2357.5	1802.8	2016.1	1909.4	1665.4	1575.9	1884.3	2370.1	1630.3	1585.6	1745.7	1803.8	1483.4	1628.4	1880.6	2086	2140	2111.9	1779.2	2410.4	2176.7	2067.3	1834.7	2541.3	1828.3	1078.6	1144.8	914.2	1119.4	970.1
1415872_at	22682.2	23190.2	20165	19480	26280.3	27870.6	23808.5	19697	25837.5	26370.8	26428.5	18927.1	15874.4	26973.6	24129.8	26583	15784.6	18007.4	16206.4	23099.7	24467.1	21650.9	18848.6	19252.2	18666.4	17343.9	26890.3	19287.2	22256.7	22496.7	22249.5	21387.2	23739.5	23277.9	21912.2	24454.7	22704	18700.6	19477	25513.8	21396.9	24069	27247.1	24070	20538.6	23527	24722.8	25681.5
1415873_a_at	4031.6	3570.3	3536	3596.9	3770.5	3547.5	3496.7	3186.6	4368.4	4328	3777.9	3501.9	3242.3	3683.2	3480.2	3256.1	3252.2	4029.7	3557.2	3220.8	3544.4	3629.6	3886.4	4048.4	3565.4	3875.6	3608.7	3563.3	2681.1	3231	3535.9	3030	3644.2	3298.5	4115.9	3785.1	3091.1	3495.8	3333	3433.6	3557.5	3551.7	3515.9	2393.1	2433.1	3072.5	2965	3436.6
1415874_at	54.6	54.6	54.6	80.1	71.2	59.4	57.5	55.1	57.4	80.7	54.2	71.5	81	53	52.2	55	55.1	86.6	51.9	53.9	54.7	55	55.2	55.5	59.1	55	53.9	57.9	57.6	54.8	75.8	76.7	54.8	55.3	57.3	54.5	59	59.5	54.6	54.6	54.4	53.2	55.3	55.1	54.3	51.8	52.1	54.7
1415875_at	46.9	47.4	47.5	47.4	45.8	47.6	46.5	48.2	45.9	46.2	47	47	47.9	47.4	46.6	48.2	47.9	47	47	47.6	47.6	52.3	48.3	48.8	48	48	47.5	48.1	48.6	48.6	47.6	48.2	47.6	48.1	47.6	47.2	48.2	47	47.5	48.4	48.3	48.2	48.6	49.4	48.9	49	49.5	56.4
1415876_a_at	104215	109090.1	116852.9	111267.5	116249.4	105219.5	102151.5	107820.1	99310.4	92210.7	118072.3	111578.2	103484.8	89478.9	97798.8	90551.7	105864.1	107926.9	102942.5	101458.5	109999.4	102336.3	105242.9	105385.9	105642.2	104391.4	109381.9	97796.7	122835.2	100667.9	97243.3	103689.5	97658.9	115171.5	102002.7	105013	105337	104465	97065.8	100499.4	93308.8	99428.6	90365	108356.5	111787.8	112064.6	115121.6	117844.9
1415877_at	62.7	62.5	62.7	62.7	58.8	63.1	62.3	66.9	61.6	62.2	62.1	61.5	63.5	63.1	62.4	64.2	63.3	62	62.9	63.2	63.2	63.6	63.9	64.8	63.7	63.8	63.2	63.7	64.6	69.2	62.9	63.8	62.9	63.5	63.1	60.7	63.7	62	63.2	63.9	63.9	63.8	64.9	65.2	64.7	65.2	65.7	66.6
1415878_at	968.2	831.2	955.9	833.3	1001.1	831.8	1088.3	1009.7	1104.9	702.8	826	825.9	864.3	858.8	820.7	882	872.2	860.8	854.1	1053	1060.3	893.5	856.3	887.3	906.5	948.2	862.9	945	1192.8	891.3	1046.6	1345.5	862.5	872.2	1051.9	804.7	916.4	825.2	852.9	859.2	845.4	852.7	884.8	898.2	920.5	1049.6	1045.4	868.3
1415879_a_at	131094.5	129525.8	128730.5	122502.9	135934.3	128786.4	123170.3	121511.1	124772.9	129583.2	111925.2	134324.8	128895.1	133073.6	122246	131855.9	135436.1	128657.9	123223.1	133597.1	125719.8	112720.3	125094.3	131956.8	131296.8	132760.4	102677.5	124112.3	99164.3	118056.4	106598.2	115686.4	123560.3	129059.3	131023.5	129158.9	120799.4	143553	119821.3	127587	121702.3	125759.4	109834.7	79866.5	96393.1	88836	81617.9	84002.2
1415880_a_at	88461.4	85786.3	86277.2	84267.6	98043	99409.7	97256.5	80680	99077.4	110604.8	87429.8	81676.5	88295.6	101631.6	93967.4	92498.9	83514.3	87030.5	88466.8	82173.1	81406.4	84091.4	83248.5	83008	84828.1	89084.6	82795.8	84209.2	70420.9	85355.8	81135.2	77775.7	80294.1	83182.8	91655	95623.7	80415	90989.1	91886.2	93295.5	87969.3	91593.8	105254.8	61356.1	64633.4	66578	65284.4	66784.8
1415881_at	34828	37032.8	37355	39231.6	37691	35389	35045.8	34034.9	36475.7	34215.7	38916.1	36813.3	37015.8	36037.3	35089.2	33994.7	34009.8	34792.6	39729.5	33803.9	34529.2	35236.3	33270.4	35480.8	36233	36135.8	41327.6	37197	37122.4	32449.2	37199.2	32010.7	34215.7	32522.5	37580.2	33378	37227.5	37893.7	35694.9	32144	37091.5	35635	37231.6	42311.3	39219.5	36195.9	38371.7	37386.2
1415882_at	59542.1	63362.4	59975.2	62827.3	59572.5	54965.9	54028.9	57783.6	51270.3	34339.9	59974.7	61453.6	60586.3	42561.2	51894.9	42430.3	60462.9	55318	62074.5	55527.5	60135.5	58127.2	55177.1	59013.7	58693.5	60456.9	62886	58123.9	61875.7	58674.2	61001.6	56366.9	56325.6	61177.3	60261.6	53426.6	59249.8	58215.3	60141.6	49948.3	53854.2	54753.6	56965.6	73173	70678.1	55970.4	57866.7	54059.5
1415883_a_at	41.8	42	42	42.2	41.1	42.1	41.6	19755.7	41.1	41.5	41.8	42	42.7	42.3	42.2	42.9	42.5	42	41.9	42.3	42.3	42.9	43.6	43.2	42.7	42.8	42.2	42.8	6796.3	43.2	42.2	42.7	42.3	42.5	42.2	42.2	42.7	41.8	42.2	42.9	42.8	42.8	43.1	43.5	43.4	43.4	43.6	44
1415884_at	210.6	213.3	206.6	218.4	205.3	217.8	215.8	8978.3	212.5	201.1	206.9	213.7	216.6	214.2	215.7	221	219	217.8	213.8	196.5	218.4	220.4	220.9	222.2	219.9	220.2	215.2	220	4613.1	224.4	271.2	220.2	214.5	219.9	217.7	215.1	219.9	211.6	218.1	260	220.5	220.8	226.2	228.9	229.1	222.7	233.5	307.3
1415885_at	56.3	57.4	57	57.8	56.6	57.4	56.3	58.9	55.5	56.7	57.7	57.4	58.4	57.8	56.7	59.3	58.4	57.2	57.4	57.9	58	59.1	59	60.1	58.8	58.8	58.1	58.7	59.1	60.1	58	59	57.7	58.6	58	57.5	58.8	56.9	58.1	59.6	59.2	59	59.2	61.2	60.9	59.5	61.7	62.2
1415886_at	555.8	346.4	587.1	311.9	637.7	277.5	306.5	311.5	478.9	295.8	232.3	318.6	284.9	307.1	304.8	303.1	308.9	309.8	373	375	291.7	419.5	360.2	315.9	311	341.5	309.6	360.1	313	312.7	308.6	311.6	310.6	310.8	308.5	307.7	311.1	231.5	308.2	298.2	234.1	312.5	300.6	315.4	311.7	313.8	291.2	314.8
1415887_at	25541.2	25367.5	23799.9	23061.2	23624.1	22195.7	25807.3	28039.4	27197.4	23026.8	27653.1	25592.5	22460.6	17938.2	20176.8	19939.7	23793.7	26258.9	25865.4	24341.2	27773.3	29597.9	28162.4	25241.4	30052.7	24857.3	26714.9	25900.8	20542.5	23380.4	25387	27727.1	36595.5	35731.8	29328.3	23628.9	25224.9	22759.4	22554.2	20265.7	25183.7	22405	20427.2	18786.2	20757.8	23850.5	25698.8	24991.5
1415888_at	14119.7	12208.3	13418.4	10671.1	13207.5	12436.9	10887.9	8459.2	10341.2	11671.8	9722	10184.4	9214.9	11215.3	10748.1	10346.4	9726.1	10527.4	11274.5	9911.5	11142	9394.6	11701.9	10936	12794.3	13030.4	11330.1	11232.9	7459.3	9157.8	9113.7	9074.7	8487.3	9012	9346.9	9320.5	8716.6	10123.7	9871.9	9570.4	9783.1	9887.5	9548.1	7035.9	8052	7424.4	7560.8	7874.8
1415889_a_at	158454	159802.4	173968.8	144645.7	152015	168265.2	197659.6	180851.8	221612.6	204705.7	199999.3	186893.4	190061.9	179045.2	187407.7	192361.1	145191.5	149503.1	150246.7	142011.5	163583.9	175191.8	177826.6	185353.3	203786.6	193618.3	173814.4	178006.3	160698.7	149567.2	176639	181325	272284.4	214054	157277.4	186632.9	231146.5	229389.9	165950.4	173886.9	175353.5	190950.1	195574.5	171701.7	198531.3	201545.4	216459.9	206551.6
1415890_at	1772.7	1963.5	1864.7	1802.5	1502.5	1401.4	1537.5	1844.5	2149.3	1556.7	1290.2	1552.4	1464.8	1136.5	996.6	969.2	1007	1154.1	1096.5	921	1015.5	1681.2	1673	1534.5	2603	2117.2	1948.6	1832	1145	1525.7	1482	1583.1	2353.6	2323.8	1548.4	1606	1448.1	1798	985.6	1004.6	1089	1014.4	721.1	495.9	790.4	1060.9	1367.7	895.3
1415891_at	72370	72700	69039.6	68989.4	62439.3	61331.8	65426.7	64292.3	63208.5	60385	63733	65362.7	63499.7	58880.3	65092.4	60729.9	71822.3	67531.6	62266.6	66142.5	72695.9	72377.5	69094.5	62988.4	70936	69442.9	77046.1	73699.1	73782.9	69227	72707.1	67343.2	67663.9	70550.3	63755.6	64616.5	69941.2	70662.9	72355.7	67976.2	74198	69107.5	72038.5	65149.7	65924.2	68543.6	69611.5	70480.1
1415892_at	4750.8	3469.8	4436.7	4419.9	4548.3	4995.5	4781.4	3569.5	5084.1	5133.8	3728.5	3370.3	3901.8	3819.4	3845.9	2776.5	2258.9	2410.1	2712.9	2308.1	2367.4	2831.5	4150.4	4323.6	4120.8	3918.7	4029.2	3784.6	2825.7	4091.6	3658.7	3206.2	3574.6	3970.2	4440	3361.3	4435.3	3739.5	2833.4	2555.4	2632.4	3388.3	3117.3	1580.9	1806.1	2161.3	2079.7	3276.1
1415893_at	1688.3	1879.5	2075.2	2227.6	1631.1	1418.7	1317.3	1648.8	922.1	779.4	941.4	1813.6	1504.5	711.4	767.8	588.8	729	880.4	1066.4	625.1	863.3	1258.3	1520.8	1834.9	1183.2	1436.1	1319.6	1693	1111.7	1239.2	1391.7	1537	1403.7	1417.7	1569.5	1014.3	1573.7	1562.4	899.1	445.2	774.2	1182.9	267.8	590.4	494.7	650.8	586.3	1097.3
1415894_at	185.3	178.6	188.4	161.3	191.7	175.8	180.5	195.3	188.7	198	203.5	179.9	188.5	205.4	222.8	235.8	205.6	204	204.1	204.7	202.9	206.6	206.1	207.2	205.8	224.1	203.8	206.4	207.1	207.3	204.2	205.3	205.7	195.7	174.1	212.7	214.6	228.9	251.1	281.7	248.2	255.9	208.6	228.7	237.1	237.5	227.2	238.6
1415895_at	4134.8	3637	4014.3	4184.8	4227.5	4193.1	4649.9	4979.1	3524.1	3285.7	4158.1	3843.8	4363.1	3845.8	3938.2	3220.6	3666.5	3961.4	3712.8	3872.5	3657.3	4820	4226.3	4176.3	4144.7	4429.6	4684.4	4891.7	5170.6	4248.4	5561.4	4704.7	4192.3	3866.9	4523.3	3888	4326	4146.6	5073.1	4225.8	4213.6	3697.3	4472.6	6842.3	6349.3	6111.2	6320.9	6246.2
1415896_x_at	1427.7	1321.8	1443	1501.4	1822.3	1514.2	1682.6	1471.9	1428.8	1429.2	1470.8	1440.5	1456.1	1449.7	1390.5	1117.7	1449.2	1447.1	1446.6	1353.5	1327.8	1564.3	1465.4	1379.8	1335	1487.3	1645.1	1463.5	1470.7	1473.1	1803.6	1744.2	1355.3	1286	1562.8	1367.8	1461.1	1438.5	1685.5	1458.4	1466.3	1461.1	849.9	1464.3	1478.2	1467.5	1635.2	1476
1415897_a_at	479185.5	463540.9	465239	476157.9	463421.5	482779.4	487856.4	482315.2	470542.1	467276.5	487177.2	477122.9	486721.7	452741.1	485970.9	486488.9	481538.8	470565.7	473821.7	466682.6	464319.4	506514.1	489860.5	484836.3	463641.3	477208.4	488838.8	466152.4	499709.5	525316.4	535122	499106	496707.4	515539.9	485834.5	470430.9	494219.8	472736.2	497538.3	499260	483718.6	497809.8	529719.5	583873.6	533798.5	543457.7	533967.1	521329.7
1415898_at	99.4	125.5	99.6	102.6	107.5	95	125.4	112	88.3	71.3	112.9	105	101.9	72.4	94.3	75.7	103.3	99.8	100.2	97.1	100.9	102.8	91.1	106.2	102.3	102.5	149.2	102.2	83.8	104.6	101	98.4	100.9	104.5	101.1	100.1	100.9	99.5	98.3	105.4	98	103.1	103.2	115.7	109.9	115.3	130.5	110.5
1415899_at	81.6	76.9	84.1	138.4	165.8	84.2	101.2	109.8	117.6	121.8	178.9	111	384.4	399.9	267.2	170.2	165.1	118.6	94.3	135.4	56	64.4	71.2	62.9	79.3	182.2	62.7	115.1	75.4	90.2	48.3	99.5	132.8	108.2	109.4	194.9	208.4	270.9	267.4	144	171.1	207.2	92.1	54.3	49.9	68.3	50.7	55.3
1415900_a_at	147.9	138.3	132.4	134.5	145.6	121.6	115.3	141.1	113.7	132.9	113.1	135.9	139.5	91.3	116.9	168.6	142.5	446.3	135.5	139	120.8	140.7	160.5	188.7	141.6	247.6	142.4	197.3	142	196.7	152.5	138.3	133.9	168.3	162.3	188.7	129.1	150.8	144.5	145.1	125.7	154	194.9	156.1	205.7	129.1	154.4	134.6
1415901_at	840.8	554.9	725.6	611.7	922.8	652.8	795.4	423.3	732.4	678	453.9	611.9	557.4	592.9	581.7	599.1	426	742.2	630.1	598.9	591.2	604.2	637.9	795.4	865	808	560.5	671.6	562.8	528.1	582.8	537.6	688.9	685.2	555.5	652.8	559.8	644.9	542.5	524.2	591.6	572.2	526.7	128.4	429.2	360.5	565.7	567
1415902_at	74	49.8	50.1	50.2	60	51	48.8	50.5	50.4	48.6	49.9	49.4	50.3	50.1	48.5	50.7	50.4	50	50.1	50.2	49.6	50.7	53.1	50.8	50.5	50.7	50.4	50.1	50.8	50.9	50.2	50.6	50.1	50.6	50.1	49.6	50.1	49.5	49.4	51.2	50.7	50.5	50.7	50.7	50.6	50.9	51.1	51.2
1415903_at	77.8	78	77.2	78.3	76.6	78	77.4	78.8	76.7	76.5	77.1	77.7	78.4	78	76.6	79	78.2	78	78	78.2	78.1	78.5	78.9	79.6	78.6	78.8	77.8	78.9	79.2	79.7	78.4	78.8	78.4	78.6	78.1	77.8	78.7	77.6	78	78.9	78.9	79	79.1	79.7	80	80	80.5	81.1
1415904_at	7924.3	9721	9321.9	10036.2	13466.6	13487.3	15809.4	16435.3	21364.7	13311.7	22926.9	15873.5	14053.2	11083.6	11832.2	8254.3	14082.9	7302.6	9258.8	6801.9	8303.9	7105.5	6213.2	7248.4	8006.3	8771.1	8520.9	11756.6	13240.1	14958.5	15642.8	20200	22256.6	14640.1	16833.7	13353.2	17082.3	14594.8	12019.6	12292.1	11227	11338.7	8511.8	6556.5	5198.4	6514.2	8405.5	5218.9
1415905_at	57.1	58.3	57.8	58.2	56.3	58.1	56.3	14698.9	55.6	56.8	57.4	58	59	58.3	56.9	59.9	60.4	57.8	60.6	66.6	58.3	59.7	59.8	60.7	59.2	59.5	58.9	59.2	4254	60.6	58.6	59.7	58.3	59.7	58.9	58	59.3	57.4	58.5	60.2	59.8	59.7	61	62.8	61.2	61.3	62	64
1415906_at	48615	55047.5	55493.6	54385.9	49790.4	52510.4	55635.9	59474.7	54142.6	38773.3	57771.6	55954.7	48171.1	40843.5	45855.5	37328.5	50478.6	47013	54857.5	44138.8	55916.5	53979.3	48820.9	55729.6	53281.9	55900	56395.3	46290.8	64980.2	57163.6	50785.1	52827.5	52497	58111.2	55175.1	51048.1	60867.7	60951.3	50791.5	51127.9	44852.7	48462	59915.6	61786.8	78565.3	58241.2	66844.2	57696
1415907_at	2234.4	1870.8	1799.4	1880.1	2359.3	1877.6	1858.3	1826.3	1927.8	1838.1	1764.4	1910.6	1929.5	1923.3	1855.4	2036.4	1880.9	2305.8	2383.7	1918.2	2507.2	2013	2205.7	2221.7	2200	2031.1	1865	1893.6	1151.3	1879	1670.9	1493.4	1937.6	1947.6	1789.8	1736.2	1618.2	1862	1599.2	1878.5	1733.7	1919.2	1588.8	1298.8	1634.6	1612	1437.4	1236.7
1415908_at	5967.7	6039.5	5931.6	6866.2	6799.8	8034.6	8938.7	11012.4	6890.3	6185.8	5917	8894.6	10164.6	6153.7	6565.3	8801.8	8569.6	7289.9	7442.6	7954.6	7064.8	7168.8	8214.2	7246.3	9194.6	7895.9	6940.2	11069.8	8690.4	10848.1	10708.1	11554.3	10860.1	6890.9	6819.7	7696.7	9088.8	7582.8	8921.5	8153.6	8149	8901.4	6315.3	5041.5	6655.5	10124.9	8185.6	7294.9
1415909_at	7259.6	6634.7	5924.8	4931.3	4032	3549.8	3828.9	3708.4	5038.2	3193.6	3175	4163.9	2955.9	2091.2	2077.8	2869.6	2847.6	4391.8	3191.1	3950	5478.1	6990.8	7520	7563.3	8605.1	7577.7	5438.8	4503.8	2998.1	3183.8	4023.5	4211.4	5777.8	4763.4	3246.8	2891.7	3416.4	2778.1	2058.2	2586.3	2959.6	2666.4	2977.3	2859.1	4389.8	4827.8	3902.9	6280.9
1415910_s_at	4717.4	4004.2	3422.7	3864.7	3487.9	3992.6	3964.8	4138.8	3179.7	3558.5	3627	3741.5	3731.4	3771.3	3318.8	4049.2	4726.3	4005.1	4740.6	3833.5	3921.9	4248.6	4129.7	3614.7	4036.7	4072.8	3957.2	4095.4	3575.6	3703.5	4238	3940.9	3664.1	3998.1	4305.8	3623.3	3413.2	3551	3936.5	4267.5	4603.7	4451.5	4212.1	5300.1	3609.7	3837.4	4412	4091.9
1415911_at	844	1070.5	907.2	1079.3	1087.5	1177.8	1061	782.9	1074.5	1188.5	1086.3	822.4	758.4	1131.8	918.1	801.7	646.9	654.9	877.8	1031.7	993.3	968.6	626.4	879.6	940	726.3	822.7	916.9	1033.8	925.9	1580.8	1046.9	1442.5	1083.9	1044.3	741.3	1198.2	941.3	823.5	994.4	874	933.4	961.8	809.8	1057.4	821.6	1020.3	878.2
1415912_a_at	56345.6	58585.9	59404.6	55857.1	66221.5	54990	50224.1	53848.9	48695	46967.7	56022	56217.2	55278.8	43980	45496.2	44922.1	56985.3	60233.4	54117.9	55469.4	57445.2	52250.9	59642.3	65354.9	57457.4	61306	51647.3	50918.5	60378.1	53896.8	51162.3	53703	54439	57794.5	52751.9	55423.4	60198.2	54876.6	52162.9	52446.9	47831.2	50482.3	40571.8	40536.6	51703.3	48906.9	50055.2	58586.6
1415913_at	110	82.7	77.9	100.4	102.3	97.5	88	84.5	77.9	78.8	83.9	79.1	83	125.3	82.8	85.9	83.9	121	83.3	123.2	81.2	78.2	83.9	83.9	84.8	85.1	85.3	95.8	100.8	85.1	88.4	84.6	78.9	81.2	79	80.6	85	81.4	83.8	96.6	99.2	93.8	84.8	90.4	90.7	85.8	88.5	88.7
1415914_at	28217.3	28218.6	28859.2	25994	29382.7	29593.2	28320.4	27938.2	31593.4	30657.8	25855.2	28650.1	29162.5	28359.6	26227.7	28088.4	29893.8	31941.9	32696.5	27212.7	30030	25593.4	29448.8	27145.1	31027.4	28630.3	24003.1	27393	19038.7	27767.5	23174.1	24023.5	28724.4	27359	29297.1	28566	25569	28930.6	25028.4	26849.7	27300.6	26803.3	27173.2	22412	26293.5	23506.3	23785.5	19704.2
1415915_at	8165.7	9824.6	9597.7	8476.1	8527.4	7632.9	8519	7741.3	8795.5	8487.1	8832.7	10123	8710.5	7292.1	7769.5	7498	8459.1	7957.2	7629.1	7193.8	7782.2	8721.1	7476.2	8292.6	8307.2	8013.2	9127.7	9039.5	8302.1	7299.3	7016.1	7777.7	8876.9	9529.5	8623.8	8687.2	9100.9	9373.9	7478.7	7757.1	7194.7	7258.7	7097.6	7440.3	7789	7832.1	8374.1	7723.6
1415916_a_at	22878.9	24525.2	23709.8	21185.5	23442.7	23782.2	21330.8	22786.7	25418.7	26072.1	20522.2	23087	21758.7	23834.4	22471.7	21848.9	24227.8	22830.2	22342.3	21871.5	20273.6	21638.7	20190	18799.4	19667.4	20578.8	18753.4	22674.3	18650.4	24005.7	24208	25685.5	20580.4	22974.4	25160.3	24653.8	19801	18317.2	22178.8	19978.1	21871	23011.9	18576.6	8242.5	9574.8	11746.6	10577.4	11993.7
1415917_at	20143.1	17998.8	20495.8	21178.2	20509.3	20248.6	19425.6	18511.5	21286.2	21689	16438.2	20571.5	20942.4	20363.8	19653.3	20910.1	19196.3	19307.5	21091.4	18230.4	17157.9	18316	19987.8	18462.6	19563.8	20040.5	18874.9	21265.4	15407.9	19508.9	20349.4	21764	20400.5	20083.2	23237.8	22182.9	19103.4	20117.5	20596.4	17742.1	21373.9	22361.7	16115	9221.5	10470	11477.7	11527.4	13136.5
1415918_a_at	66555	64103.2	62436.5	67042.8	66301.9	63433.7	56879.8	59436.1	54968.4	50439.2	50648.1	60042.2	58081.6	51029.1	50882	44621.3	50572.3	53086.2	55493.2	52394.8	55981.1	58715	61814.1	62787.8	59218.6	61811.7	57389.1	57289.1	47546.4	53910.2	57760.7	54784.6	47406.5	51207	54435	49344.1	48684.2	52262.4	50820	48770.8	50136.7	51943.3	39365.7	47140.9	49711.3	49920.3	50703.3	51175.7
1415919_at	79.4	80	79.6	96.5	78.2	80.5	78.5	96.5	78.8	79.3	79.7	80	96.9	80.4	79.2	79.6	80.2	79.6	89.4	80.6	94.7	85.1	81.2	81.6	80.6	81.5	77.5	81.2	81.3	81.8	80.4	81	80.5	146.4	80.4	80.2	81	76.8	73.8	81.9	81.6	81.4	81.1	83.1	81.9	81.8	82.1	81.9
