Probe	BH.Q	ADJ.P	PER	LAG	AMP	ZT0_rep1	ZT0_rep2	ZT4_rep1	ZT4_rep2	ZT8_rep1	ZT8_rep2	ZT12_rep1	ZT12_rep2	ZT16_rep1	ZT16_rep2	ZT20_rep1	ZT20_rep2	ZT24_rep1	ZT24_rep2	ZT28_rep1	ZT28_rep2	ZT32_rep1	ZT32_rep2	ZT36_rep1	ZT36_rep2	ZT40_rep1	ZT40_rep2	ZT44_rep1	ZT44_rep2	ZT48_rep1	ZT48_rep2
Ag.X.110.1_CDS_a_at	2.74312541175451e-13	1.09725016470181e-15	24	2	0.798146779264316	9.8	9.645	9.421	9.337	8.635	8.633	7.747	7.948	8.104	8.075	8.938	8.826	9.699	9.736	9.293	9.217	8.589	8.522	7.857	7.817	8.072	8.129	8.859	8.923	9.778	9.81
Ag.X.110.0_UTR_a_at	6.0913971189804e-12	4.87311769518432e-14	24	2	0.682711597235611	10.11	10.347	9.953	9.941	9.201	9.308	8.613	8.8	8.949	8.982	9.766	9.596	10.368	10.092	9.815	9.797	9.223	9.247	8.554	8.659	8.752	9.126	9.552	9.617	10.459	10.27
Ag.X.89.0_CDS_a_at	9.65648302886293e-11	1.15877796346355e-12	24	12	1.00833426997202	8.873	9.083	11.799	11.862	12.519	12.517	12.56	12.656	12.31	12.394	10.996	11.087	9.009	9.214	11.9	11.923	12.576	12.665	12.473	12.555	12.299	12.336	11.097	11.109	9.061	9.49
Ag.X.158.0_CDS_at	6.11187350089488e-08	9.7789976014318e-10	24	22	0.599626550446192	7.9	8.167	7.339	7.554	6.784	6.944	6.958	7.211	7.782	7.699	8.441	8.448	7.363	7.675	7.113	7.207	6.526	6.522	7.263	7.387	7.273	7.631	8.456	8.572	7.6	7.761
Ag.X.28.0_CDS_a_at	1.11985388491337e-06	2.68764932379208e-08	24	14	1.37885822331377	6.481	6.763	7.033	7.395	8.338	8.453	9.582	9.586	9.421	9.547	8.352	8.52	5.958	5.984	6.942	7.531	8.008	8.231	9.532	9.682	9.979	10.034	8.106	8.365	5.619	6.204
Ag.X.7.0_CDS_at	1.11985388491337e-06	2.68764932379208e-08	24	4	0.968382736834976	10.301	10.541	10.27	10.323	9.843	9.889	8.727	8.948	7.143	7.361	9.278	9.331	10.503	10.733	9.986	10.016	9.906	10.008	8.835	9.037	6.75	7.156	9.35	9.438	10.763	10.852
Ag.X.16.0_CDS_a_at	1.47357488045247e-06	4.12600966526691e-08	24	2	0.322794245611659	7.551	7.675	7.192	7.376	7.094	6.982	6.765	6.785	6.851	6.799	7.061	7.245	7.374	7.424	7.077	7.317	6.972	7.043	6.856	6.783	6.526	6.803	7.144	7.323	7.261	7.7
Ag.X.122.0_CDS_a_at	1.62471289103317e-06	5.19908125130616e-08	24	2	0.378655681325396	8.554	8.527	8.183	8.323	7.864	7.943	7.702	7.583	7.485	7.575	7.722	7.872	8.449	8.634	8.449	8.441	8.026	8.096	7.456	7.505	7.475	7.79	7.949	7.88	8.526	8.895
Ag.X.171.0_CDS_a_at	2.18291968410089e-06	7.85851086276321e-08	24	0	0.235113004744527	7.659	7.421	6.97	7.085	6.717	6.812	6.746	6.736	6.738	6.948	6.973	7.341	7.126	7.402	6.97	6.954	6.745	6.956	6.742	6.819	6.752	6.848	7.062	7.07	7.035	7.228
Ag.X.16.0_UTR_a_at	2.36121722204525e-06	9.44486888818101e-08	24	2	0.352492730421495	9.413	9.297	8.778	8.775	8.774	8.657	8.235	8.432	8.228	8.081	8.52	8.738	8.835	9.046	8.732	8.69	8.503	8.48	8.094	8.168	8.092	8.216	8.536	8.708	8.829	9.01
Ag.X.4.0_CDS_at	2.6748271497614e-06	1.17692394589501e-07	24	4	0.195868578388674	11.965	11.958	12.126	12.155	11.771	11.768	11.598	11.642	11.385	11.597	11.509	11.704	11.907	11.912	11.764	11.924	11.627	11.707	11.596	11.627	11.416	11.527	11.751	11.753	11.787	11.826
Ag.X.2.0_UTR_a_at	4.34309394039262e-06	2.08468509138846e-07	24	16	0.236350441611604	12.138	12.398	12.133	12.208	12.416	12.468	12.71	12.908	12.86	12.79	12.585	12.541	12.382	12.483	12.405	12.48	12.506	12.46	12.559	12.749	12.807	12.886	12.63	12.631	12.314	12.28
Ag.X.87.0_CDS_a_at	8.55434797247689e-06	4.44826094568798e-07	24	16	0.756073925783716	9.063	9.238	9.723	9.69	9.922	9.729	10.743	10.65	11.041	10.979	10.132	10.245	8.887	9.202	9.576	9.459	9.802	9.631	10.605	10.521	10.821	10.894	10.084	10.099	9.123	9.139
Ag.X.153.0_UTR_s_at	1.53283231068279e-05	9.19699386409674e-07	24	4	0.485428805284564	9.909	9.756	10.047	9.904	9.822	9.703	9.481	9.396	9.024	9.011	9.244	9.239	9.954	9.914	9.863	9.855	9.613	9.647	9.418	9.35	8.682	8.708	9.006	9.044	10.018	9.915
Ag.X.85.1_CDS_a_at	1.53283231068279e-05	9.19699386409674e-07	24	12	0.387848069480821	6.177	5.705	5.959	6.008	6.426	6.818	6.53	6.808	6.069	6.282	6.116	6.012	5.365	5.76	5.774	5.873	6.471	6.284	6.576	6.474	6.144	6.242	5.745	5.715	5.587	5.718
Ag.X.67.0_CDS_a_at	4.83913976087789e-05	3.09704944696185e-06	24	16	0.314662517628013	8.25	9.494	9.065	9.054	9.571	9.379	9.911	9.843	9.872	9.812	9.425	9.441	9.175	9.336	9.147	9.228	9.315	9.287	9.629	9.701	9.69	9.771	9.529	9.573	8.984	9.379
Ag.X.186.0_CDS_at	5.30206716564948e-05	3.60540567264165e-06	24	18	1.24627570184129	6.316	6.727	5.859	6.324	5.545	6.432	7.94	8.005	9.447	9.513	7.459	7.548	6.624	7.035	6.194	6.332	6.045	6.385	7.88	8.215	9.654	9.578	7.231	7.638	7.137	7.363
Ag.X.71.2_s_at	6.56440047166879e-05	4.98894435846828e-06	28	2	0.931966737603871	8.778	8.629	9.012	9.216	8.329	8.515	7.115	7.324	6.933	7.178	7.394	7.688	8.188	8.231	8.551	8.702	8.018	8.347	7.981	8.336	7.475	7.542	7.403	7.288	8.379	8.453
Ag.X.162.0_CDS_at	6.56440047166879e-05	4.98894435846828e-06	24	2	0.15874547237638	8.706	8.486	8.494	8.372	8.321	8.324	8.322	8.366	8.195	8.101	8.421	8.23	8.632	8.524	8.528	8.493	8.297	8.228	8.075	8.087	8.366	8.379	8.495	8.445	8.494	8.654
Ag.X.71.1_CDS_a_at	8.16672897361274e-05	6.8600523378347e-06	28	2	0.856306312016908	8.388	8.629	8.898	8.651	8.283	8.312	7.08	7.205	6.882	7.109	7.079	7.452	7.91	7.958	8.235	8.471	7.678	7.963	7.618	7.977	6.953	7.364	7.121	7.243	7.898	8.067
Ag.X.88.0_CDS_at	8.16672897361274e-05	6.8600523378347e-06	24	8	0.461033621333628	8.922	9.518	9.575	9.653	9.654	9.395	9.42	9.394	8.769	8.635	8.407	8.542	9.215	9.134	9.252	9.168	9.437	9.158	9.142	8.977	8.257	8.581	8.44	8.515	8.921	9.058
Ag.X.164.0_UTR_at	9.22468694413403e-05	8.11772451083794e-06	24	0	0.290620887067671	9.908	10.118	9.745	9.849	9.57	9.543	9.262	9.396	9.689	9.738	9.936	10.098	9.867	9.875	9.905	9.659	9.61	9.683	9.242	9.171	9.492	9.577	10.064	10.118	9.928	9.85
Ag.X.158.1_a_at	0.000101906485693926	9.37539668384119e-06	24	22	0.405879292401078	6.09	7.169	6.226	6.417	6.214	6.068	6.218	6.225	6.561	6.779	6.729	7.328	6.458	6.71	6.211	5.961	5.81	5.984	6.122	6.401	6.233	6.701	7.569	7.63	6.342	6.407
Ag.X.122.2_s_at	0.000172045175436308	1.72045175436308e-05	28	0	0.322440692221067	5.597	6.472	5.84	6.32	5.749	5.642	5.596	5.552	5.662	5.559	5.463	5.738	6.193	6.437	6.384	6.256	5.91	5.774	5.611	5.55	5.142	5.531	5.6	5.568	5.969	6.271
Ag.X.161.0_UTR_at	0.000172045175436308	1.72045175436308e-05	24	12	0.283196265865212	6.459	6.478	7.085	6.65	6.93	6.909	7.106	7.319	6.885	6.547	6.631	6.691	5.881	6.171	7.183	7.077	7.095	7.052	7.182	6.94	6.846	7.3	6.549	6.581	6.393	6.128
Ag.X.146.0_CDS_a_at	0.000193813015176649	2.01565535783715e-05	28	8	0.150613744392735	7.65	7.553	7.799	7.675	7.775	7.942	7.848	7.766	7.808	7.589	7.615	7.468	7.553	7.511	7.866	7.717	7.878	7.912	7.918	7.701	7.917	7.613	7.527	7.602	7.469	7.462
Ag.X.150.0_UTR_at	0.00036622942099369	4.10176951512933e-05	24	0	0.355144380850944	7.992	7.71	7.229	7.205	6.719	7.137	6.982	6.731	7.19	7.587	7.667	7.795	7.762	7.774	7.084	6.832	6.59	6.979	6.653	6.764	6.926	7.264	7.147	7.203	7.745	7.959
Ag.X.31.0_CDS_at	0.00036622942099369	4.10176951512933e-05	24	22	0.240416305603425	6.782	6.848	6.725	7.122	6.407	6.705	6.087	6.329	6.684	6.776	6.999	6.965	6.953	6.814	6.628	6.611	6.319	6.715	6.048	6.62	6.617	6.774	7.125	7.167	6.796	7.203
Ag.X.88.0_UTR_at	0.00046741443710528	5.42200747042124e-05	24	8	0.385019642356075	9.321	9.449	9.577	9.692	9.513	9.487	9.382	9.414	8.879	8.858	8.555	8.718	9.245	9.41	9.352	9.261	9.406	9.389	9.194	9.351	8.526	8.611	8.512	8.628	9.144	9.291
Ag.X.123.0_CDS_at	0.000523043358213011	6.27652029855613e-05	28	8	0.284964032818178	4.508	4.734	4.911	5.063	5.029	5.172	4.744	4.746	4.497	4.609	4.558	4.452	4.764	4.327	4.498	4.995	4.732	5.006	4.877	5.085	4.523	4.604	4.419	4.696	4.389	4.498
Ag.X.29.0_CDS_at	0.000920851010511868	0.000121552333387567	24	18	0.644527831051538	4.277	3.878	3.275	3.26	3.276	4.008	4.479	4.331	4.175	4.618	4.227	4.855	3.518	3.259	3.278	3.577	3.282	3.843	3.368	4.187	4.707	4.834	4.392	4.761	3.29	3.674
Ag.X.106.0_UTR_a_at	0.000920851010511868	0.000121552333387567	28	16	0.322440692221065	10.894	10.771	10.951	10.986	10.886	10.972	11.169	11.219	11.488	11.456	11.211	11.366	10.646	10.756	10.841	10.956	10.863	10.965	11.251	11.213	11.315	11.368	11.307	11.329	10.765	10.982
Ag.X.2.0_CDS_a_at	0.000920851010511868	0.000121552333387567	24	16	0.321203255353991	9.794	10.003	10.096	9.938	10.436	10.053	10.917	10.431	10.711	10.649	10.488	10.174	10.301	10.121	10.114	9.979	10.456	10.04	10.912	10.166	11.069	10.597	10.337	10.351	10.017	9.841
Ag.X.161.0_CDS_at	0.00109426237724266	0.000157573782322943	24	12	0.265695373030844	7.863	7.426	8.173	7.953	8.413	8.063	8.436	8.168	8.367	7.912	8.07	7.602	7.623	7.474	8.391	8.072	8.328	8.193	8.736	8.155	8.169	7.825	8.033	7.575	7.529	7.285
Ag.X.133.0_CDS_a_at	0.00109426237724266	0.000157573782322943	28	10	0.219203102167829	7.938	8.108	8.222	8.433	8.3	8.275	8.48	8.511	8.123	8.27	8.1	8.028	7.64	8.141	8.139	8.394	8.09	8.397	8.494	8.518	8.036	8.472	8.162	8.219	7.976	8.088
Ag.X.77.0_UTR_a_at	0.00109426237724266	0.000157573782322943	24	10	0.207889393668845	10.62	10.704	11.052	11.003	11.194	11.16	11.047	11.043	10.725	10.901	10.791	10.744	10.726	10.738	11.143	11.002	11.154	11.17	11.056	11.009	11.026	11.087	10.743	10.899	10.846	10.682
Ag.X.98.0_CDS_at	0.00121928725620004	0.000180454513917605	24	20	0.208950053840625	6.354	6.357	5.925	5.971	5.816	5.939	5.918	5.893	6.061	6.336	6.258	6.326	5.925	6.022	5.924	5.864	5.897	5.844	5.924	6.083	5.991	6.287	6.083	6.389	6.03	5.908
Ag.X.94.0_CDS_a_at	0.00127084528445167	0.000203335245512267	24	12	0.691196878609851	4.737	5.354	6.861	6.505	6.678	6.688	8.46	8.07	6.32	6.135	5.072	5.422	4.763	5.462	5.532	5.693	5.274	5.425	6.621	6.748	5.572	5.607	4.741	5.379	4.742	5.186
Ag.X.77.0_CDS_a_at	0.00127084528445167	0.000203335245512267	24	10	0.219910208949016	8.056	8.514	8.44	8.691	8.341	8.81	8.624	8.793	8.464	8.654	8.136	8.46	8.097	8.358	8.666	8.807	8.683	8.862	8.661	8.663	8.447	8.615	8.074	8.335	8.301	8.517
Ag.X.67.6_UTR_a_at	0.00127084528445167	0.000203335245512267	24	16	0.177837355468417	11.487	11.161	11.164	11.346	11.194	11.322	11.635	11.643	11.62	11.484	11.423	11.346	11.104	10.818	11.148	11.18	11.345	11.194	11.431	11.432	11.424	11.495	11.316	11.351	11.168	11.23
Ag.X.105.0_CDS_a_at	0.00141630664255384	0.000232274289378829	28	8	0.190211724139181	5.357	5.576	5.63	5.756	5.639	5.969	5.639	5.855	5.361	5.541	5.032	5.59	5.489	5.605	5.1	5.6	5.629	5.614	5.669	5.699	5.444	5.612	5.165	5.618	5.002	5.327
Ag.X.106.0_CDS_a_at	0.00155484126931781	0.000261213333245392	28	14	0.422849855149556	7.288	7.445	7.58	7.845	7.718	7.566	7.926	8.051	8.338	8.527	8.035	8.178	7.367	7.318	7.616	7.597	7.496	7.601	8.014	7.944	8.241	8.307	8.123	8.132	7.167	7.454
Ag.X.115.0_CDS_s_at	0.00194243996960808	0.00033409967477259	24	2	0.765089537243845	5.22	5.392	5.114	5.789	3.732	5.303	2.525	3.072	3.183	4.323	4.234	4.939	5.005	5.097	4.673	5.206	4.069	4.979	3.593	4.38	3.527	4.114	4.143	4.863	5.007	5.903
Ag.X.119.0_CDS_at	0.00299796525963955	0.000539633746735119	24	14	0.15662415203282	7.333	7.591	7.457	7.799	7.562	7.842	7.702	8	7.852	8	7.62	7.84	7.255	7.457	7.337	7.661	7.625	7.678	7.785	7.737	7.976	7.861	7.642	7.973	7.158	7.455
Ag.X.73.0_UTR_a_at	0.00299796525963955	0.000539633746735119	28	14	0.145663996924428	11.019	10.975	10.988	11.068	11.181	11.186	11.319	11.296	11.191	11.293	11.167	11.219	11.037	11.035	11.054	11.316	11.074	11.224	11.2	11.205	11.232	11.204	11.259	11.263	11.19	11.202
Ag.X.102.0_CDS_at	0.0041821210430996	0.000769510271930326	28	16	0.250315800540037	8.254	8.464	8.255	8.291	8.43	8.504	8.498	8.708	8.745	8.95	8.672	8.859	8.229	8.505	8.323	8.511	8.482	8.538	8.365	8.475	8.713	8.915	8.577	8.83	8.504	8.734
Ag.X.127.0_CDS_at	0.00437466252528316	0.000857433854955499	24	12	0.136825162159597	6.08	6.585	6.65	6.716	6.571	6.82	6.787	6.932	6.648	6.819	6.493	6.521	6.498	6.474	6.569	6.67	6.919	7.038	6.498	6.841	6.48	6.612	6.503	6.635	6.472	6.48
Ag.X.114.0_CDS_at	0.00437466252528316	0.000857433854955499	28	20	0.107480230740356	6.529	6.764	6.355	6.539	6.093	6.584	6.448	6.757	6.484	6.763	6.784	6.93	6.53	6.578	6.191	6.308	6.273	6.17	6.21	6.278	6.475	6.773	6.663	6.701	6.547	6.791
Ag.X.152.0_UTR_at	0.00437466252528316	0.000857433854955499	28	22	0.0452548339959391	10.149	10.138	10.01	10.201	9.862	10.177	10.108	10.33	10.179	9.989	10.407	10.375	10.207	10.23	10.181	10.262	9.965	10.128	9.766	10.104	10.077	10.135	10.203	10.168	10.305	10.368
Ag.X.156.0_CDS_at	0.00516547719140491	0.00107441925581222	28	8	0.521844804515672	6.294	6.001	6.451	6.714	6.618	6.766	6.617	6.847	5.647	6.485	5.532	5.879	5.536	6.282	6.357	6.694	6.315	6.329	6.516	6.668	5.698	6.396	5.825	5.969	5.198	6.356
Ag.X.80.0_UTR_a_at	0.00516547719140491	0.00107441925581222	24	16	0.37476659402887	3.163	3.023	3.151	3.105	3.106	3.101	3.725	3.906	4.152	3.344	3.152	3.961	3.144	2.874	3.088	3.112	3.16	3.128	3.719	3.542	3.691	3.902	3.148	3.509	3.168	2.897
Ag.X.96.0_CDS_at	0.00516547719140491	0.00107441925581222	24	12	0.0795495128834859	8.082	8.144	8.296	8.418	8.367	8.45	8.552	8.655	8.145	8.369	8.094	8.368	8.217	8.208	8.438	8.49	8.381	8.4	8.402	8.518	8.072	8.351	8.394	8.219	8.2	8.077
Ag.X.3.0_CDS_at	0.00632614947472611	0.00134114368864194	28	2	0.565685424949239	11.214	11.099	8.201	8.446	8.948	9.108	8.264	8.308	7.218	7.616	8.522	8.571	8.732	8.652	8.582	8.757	8.86	8.973	9.549	9.47	8.047	8.006	7.871	7.849	8.233	8.856
Ag.X.67.0_UTR_a_at	0.00772120186079146	0.00166777960193096	28	18	0.15132085117392	9.971	9.727	9.684	9.829	9.764	9.816	9.988	10.044	10.125	10.015	9.98	10.101	9.584	9.621	9.701	9.77	9.674	9.694	9.809	9.949	9.919	9.955	10.057	10.1	9.69	9.993
Ag.X.164.0_CDS_at	0.00939233048412771	0.0020663127065081	28	22	0.0989949493661171	4.956	4.88	4.81	4.81	4.477	4.46	4.881	4.868	4.624	4.464	5.508	5.142	4.699	4.863	5.064	4.869	4.598	4.462	4.617	4.482	4.494	4.495	5.087	5.174	4.889	4.974
Ag.X.5.0_CDS_a_at	0.010125274436755	0.00230856257158015	24	6	0.333047293938865	7.89	8.13	8.147	8.459	8.021	8.21	7.354	7.55	7.88	8.03	7.258	7.74	7.896	8.085	8.079	8.411	7.735	7.961	7.787	8.006	7.467	7.608	7.03	7.468	7.896	8.104
Ag.X.116.0_CDS_at	0.010125274436755	0.00230856257158015	28	14	0.332340187157678	7.116	7.442	7.255	7.596	7.307	7.802	7.701	7.975	7.921	8.111	7.659	7.9	7.13	7.63	7.459	7.66	7.198	7.564	7.643	7.884	7.921	8.219	7.458	7.926	7.091	7.411
Ag.X.76.1_UTR_s_at	0.0109948811924664	0.0025508124366522	24	10	0.236173664916308	10.965	11.003	11.22	11.222	11.133	11.175	10.582	10.746	11.105	11.196	10.504	10.667	10.683	10.841	11.025	11.302	11.156	11.26	11.288	11.283	10.923	11.044	10.241	10.403	10.767	11.052
Ag.X.138.0_CDS_at	0.013073888897654	0.00313773333543696	24	12	0.328097546470558	2.811	3.486	3.634	4.451	3.228	4.541	4.53	4.938	2.944	4.393	2.798	3.59	2.754	3.438	3.817	4.304	3.623	3.752	4.543	4.296	2.914	3.898	3.237	3.577	2.759	3.61
Ag.X.134.0_UTR_at	0.013073888897654	0.00313773333543696	28	16	0.171826947828331	8.142	8.184	8.292	8.526	8.385	8.338	8.241	8.394	8.674	8.751	8.518	8.628	7.995	8.435	8.456	8.081	8.489	8.293	8.452	8.483	8.605	8.656	8.469	8.66	8.233	8.462
Ag.X.183.0_CDS_at	0.0157633170899761	0.00384624936995418	28	10	0.216374675043084	5.925	6.235	5.838	6.337	6.197	6.349	6.319	6.558	6.094	6.416	5.8	6.187	5.891	5.862	6.224	6.242	6.305	6.271	6.339	6.317	6.215	6.325	6.114	6.282	5.82	6.174
Ag.X.154.0_CDS_at	0.0186453296462023	0.00469862307084299	28	8	0.570635172417544	4.771	5.502	6.534	6.763	6.325	6.802	5.714	6.731	5.995	6.655	5.375	6.485	5.393	5.896	6.038	6.666	6.333	6.813	6.355	6.956	6.032	6.703	5.686	6.417	4.724	5.478
Ag.X.74.0_CDS_at	0.0186453296462023	0.00469862307084299	28	8	0.282135605693432	8.664	8.895	9.083	9.025	9.008	8.993	9.061	9.224	8.662	8.708	8.47	8.679	8.575	8.603	8.969	8.999	8.715	8.916	8.935	8.997	8.572	8.654	8.391	8.615	8.377	8.816
Ag.X.23.0_CDS_at	0.0203500669957261	0.00520961715090589	28	16	0.019798989873223	5.932	6.082	6.14	6.091	6.164	6.165	6.164	6.13	6.168	6.433	6.165	6.144	6.189	6.171	6.162	5.804	6.173	6.131	6.168	6.128	6.198	6.334	6.328	6.255	6.193	6.15
Ag.X.57.0_CDS_a_at	0.0422195902728846	0.0111459718320415	28	8	0.393151370339721	5.591	5.254	5.998	6.157	5.78	5.566	6.084	6.124	5.461	5.628	5.025	5.227	5.436	5.356	5.746	5.806	5.582	5.551	5.689	5.657	5.591	5.367	5.111	5.388	4.754	5.572
Ag.X.73.0_CDS_a_at	0.0422195902728846	0.0111459718320415	28	12	0.131521861300698	9.664	10.263	10.265	10.393	10.392	10.524	10.446	10.52	10.383	10.449	10.247	10.212	10.226	10.348	10.364	10.461	10.34	10.24	10.248	10.432	10.408	10.517	10.327	10.466	10.105	10.226
Ag.X.132.1_CDS_a_at	0.044735675204189	0.0121681036555394	24	8	0.206475180106471	7.466	7.551	7.66	7.975	7.61	7.994	7.652	7.685	7.351	7.546	7.298	7.595	7.421	7.543	7.64	8.086	7.661	7.94	7.447	7.662	7.334	7.682	6.996	7.45	7.16	7.706
Ag.X.172.0_CDS_at	0.044735675204189	0.0121681036555394	24	12	0.198873782208717	6.762	6.923	6.725	7.326	7.317	7.368	7.354	7.488	7.053	7.295	6.778	7.279	6.495	6.885	7.127	7.494	7.312	7.393	6.963	7.426	6.738	7.321	6.901	7.347	6.633	6.999
Ag.X.20.0_CDS_at	0.0477646589597541	0.0133741045087312	24	0	0.306884343034962	4.945	5.08	4.281	4.772	4.286	5.042	4.282	4.241	4.181	4.249	4.611	5.07	4.825	5.427	4.282	4.366	3.707	4.904	4.29	4.287	4.666	4.775	4.845	4.884	4.434	5.495
Ag.X.135.0_CDS_at	0.0477646589597541	0.0133741045087312	28	0	0.131521861300698	10.707	10.893	10.528	10.715	10.382	10.528	10.796	10.915	9.724	10.036	10.344	10.53	10.431	10.573	10.629	10.665	9.911	10.267	10.171	10.317	9.763	9.88	10.07	10.216	10.426	10.332
Ag.X.117.0_UTR_a_at	0.0563334377777753	0.0159986963288882	28	16	0.20930360723122	7.647	7.797	7.584	8.13	8.055	8.301	8.19	8.303	8.332	8.251	8.09	8.251	7.821	8.036	8.02	8.249	7.625	8.127	7.871	8.076	8.121	8.399	8.124	8.452	7.75	8.104
Ag.X.167.0_CDS_at	0.0588421868103158	0.0174172872958535	24	18	0.251730014102411	5.315	5.731	4.79	4.732	4.795	4.911	4.872	5.131	5.13	5.896	5.252	6.153	4.816	5.119	4.824	5.228	4.852	5.413	5.133	5.659	4.884	5.883	5.251	5.856	4.939	5.235
Ag.X.100.0_CDS_at	0.0588421868103158	0.0174172872958535	24	6	0.204353859762912	7.033	7.148	7.198	7.309	7.096	7.22	6.793	7.044	6.654	6.923	6.673	6.889	6.654	7.11	6.809	7.309	6.845	7.141	6.898	7.146	6.574	6.669	6.667	6.874	6.623	7.161
Ag.X.76.1_CDS_s_at	0.0588421868103158	0.0174172872958535	28	6	0.0721248916810281	10.327	10.626	10.977	10.942	10.633	10.839	10.291	10.389	10.768	10.99	10.164	10.353	10.413	10.403	10.872	10.892	10.734	10.97	10.886	11.014	10.804	10.841	9.844	9.941	10.392	10.531
Ag.X.148.0_CDS_at	0.0682386039351948	0.0207445355962992	24	0	0.330572420204711	8.015	8.115	5.55	6.097	7.354	7.597	4.914	5.928	5.457	5.972	7.341	7.907	7.445	7.645	5.66	5.673	7.305	7.425	6.245	6.614	7.547	7.649	8.13	8.19	7.852	8.094
Ag.X.17.1_a_at	0.0682386039351948	0.0207445355962992	24	12	0.105358910396796	6.107	6.049	6.472	6.339	6.66	6.342	6.633	6.239	6.518	6.376	6.348	6.213	6.429	6.274	6.511	6.175	6.53	6.312	6.859	6.477	6.322	6.299	6.369	6.289	6.065	6.235
Ag.X.31.1_a_at	0.0736679194660397	0.0226897191955402	20	4	0.140714249456123	2.464	2.918	2.45	3.278	2.445	2.438	2.406	2.43	2.777	2.436	3.505	3.054	2.464	3.374	2.457	2.519	2.629	2.305	2.265	3.001	2.595	2.517	3.423	3.205	2.44	2.443
Ag.X.84.0_CDS_at	0.0751064109596988	0.0246349027947812	28	8	0.320319371877506	11.545	11.522	12.215	12.386	12.148	12.35	11.983	12.145	11.817	11.97	11.927	12.068	11.538	11.517	12.235	12.301	12.303	12.412	11.897	12.147	11.799	11.945	12.03	12.096	11.528	11.835
Ag.X.107.0_UTR_at	0.0751064109596988	0.0246349027947812	24	4	0.2786000717875	10.416	10.561	10.142	10.397	10.085	10.145	10.006	10.164	9.348	9.599	9.831	10.049	9.927	10.168	9.776	10.079	9.563	9.754	9.732	9.768	9.389	9.409	9.53	9.61	9.814	9.966
Ag.X.155.0_CDS_a_at	0.0751064109596988	0.0246349027947812	24	14	0.147785317267988	4.385	4.869	5.06	5.218	4.793	5.414	5.084	5.614	5.092	5.394	4.898	5.309	4.903	5.09	4.75	5.171	4.721	4.878	5.453	5.827	5.045	5.294	4.886	5.193	4.174	4.792
Ag.X.97.0_CDS_at	0.0751064109596988	0.0246349027947812	24	12	0.138592929112563	7.242	7.196	7.757	7.988	7.752	7.996	7.742	8.167	7.93	8.046	7.71	7.756	7.053	7.545	7.693	7.858	7.53	7.663	7.813	8.055	7.518	7.779	7.575	7.897	7.374	7.713
Ag.X.125.0_UTR_a_at	0.0751064109596988	0.0246349027947812	24	10	0.116319065505187	10.616	10.864	10.727	10.701	10.739	10.771	10.932	11.025	10.58	10.714	10.648	10.626	10.475	10.647	10.704	10.883	10.706	10.764	10.754	10.789	10.527	10.592	10.418	10.587	10.64	10.804
Ag.X.109.0_CDS_a_at	0.087862546443563	0.0291703654192629	24	14	0.10146982310027	8.531	9.296	9.116	9.146	9.183	9.01	9.487	9.455	9.298	9.349	9.078	9.439	9.082	9.444	9.487	9.359	9.468	9.28	9.655	9.606	9.455	9.631	9.312	9.594	9.035	9.166
Ag.X.107.0_CDS_at	0.0935484984643198	0.0318064894778687	28	2	0.284964032818179	7.853	7.94	7.716	7.734	7.352	7.477	7.322	7.337	6.942	7.122	7.103	7.27	7.352	7.276	7.264	7.244	6.876	6.99	7.195	7.136	6.789	6.815	6.612	6.902	7.029	6.86
Ag.X.118.0_CDS_at	0.0935484984643198	0.0318064894778687	28	16	0.160513239329347	8.53	8.839	8.628	8.688	8.687	8.923	8.713	8.985	8.856	9.203	8.815	9.071	8.629	8.803	8.41	8.889	8.735	8.938	8.845	8.985	8.857	9.14	8.841	9.03	8.902	9.156
Ag.X.113.0_CDS_at	0.0967489144282994	0.0344426135364746	24	10	0.268700576850887	7.065	7.142	7.191	7.344	7.02	7.234	7.353	7.291	6.63	7.078	6.76	6.906	6.809	6.766	7.211	7.304	6.802	7.262	7.266	7.591	6.848	7.196	6.717	6.901	6.918	6.845
Ag.X.163.0_CDS_at	0.0967489144282994	0.0344426135364746	24	12	0.144956890143243	5.391	5.593	5.504	6.194	5.833	6.001	6.03	6.261	5.446	5.649	5.016	5.962	5.18	5.533	6.053	6.077	5.838	5.816	5.872	5.839	5.393	5.743	5.506	5.683	5.647	5.281
Ag.X.168.0_CDS_a_at	0.0967489144282994	0.0344426135364746	24	12	0.115258405333407	3.277	3.694	4.023	4.023	4.024	4.028	4.062	4.039	4.061	4.035	3.92	3.984	3.773	3.824	3.877	4.038	4.049	4.046	4.027	4.027	4.074	4.11	2.977	3.805	4.067	4.054
Ag.X.108.0_CDS_a_at	0.0967489144282994	0.0344426135364746	28	8	0.113844191771034	8.778	8.935	8.787	8.939	8.887	8.831	8.906	8.91	8.609	8.881	8.597	8.786	8.651	8.602	8.735	8.659	8.677	8.629	8.799	8.785	8.707	8.701	8.571	8.737	8.385	8.545
Ag.X.79.0_UTR_a_at	0.104161780104292	0.0374982408375452	24	4	0.151674404564514	9.486	9.199	9.426	9.478	9.239	9.187	10.012	10.01	8.69	8.824	9.173	9.098	9.292	9.288	9.447	9.426	8.972	8.951	9.276	9.339	8.492	8.671	8.968	9.058	9.448	9.611
Ag.X.79.0_CDS_a_at	0.110200728637543	0.0405538681386158	24	4	0.11773327906756	7.018	7.297	7.595	7.418	7.009	7.039	8.198	7.916	6.541	6.968	7.007	7.098	7.138	7.326	7.191	7.692	6.981	6.969	7.184	7.14	6.437	6.55	7.022	6.975	7.024	7.389
Ag.X.1.0_CDS_at	0.110200728637543	0.0405538681386158	24	0	0.0986413959755238	8.673	8.574	3.138	3.093	2.951	2.816	2.839	3.083	3.141	3.014	3.054	2.917	3.144	3.122	3.19	2.93	2.836	2.914	3.111	2.908	3.153	2.946	3.136	2.856	3.423	3.098
Ag.X.111.0_CDS_a_at	0.118510200963225	0.0440857947583196	24	22	0.0424264068711927	3.478	3.388	3.474	3.422	3.455	2.989	3.45	3.317	3.477	3.358	3.479	3.425	3.529	3.434	3.478	3.393	3.467	3.249	3.324	3.412	3.486	3.43	3.48	3.547	3.517	3.464
Ag.X.78.0_CDS_at	0.125309793100062	0.0476177213780234	24	6	0.0892722311248008	10.433	10.443	10.463	10.45	10.324	10.325	10.322	10.548	10.109	10.216	10.211	10.288	10.224	10.147	10.203	10.536	10.311	10.343	10.153	10.335	10.095	10.106	10.161	10.229	10.115	10.491
Ag.X.169.0_UTR_a_at	0.125309793100062	0.0476177213780234	28	12	0.0848528137423864	7.461	7.765	7.575	7.682	7.615	7.719	7.671	7.837	7.366	7.693	7.54	7.572	7.387	7.423	7.468	7.494	7.407	7.414	7.598	7.808	7.638	7.817	7.383	7.78	7.295	7.559
Ag.X.134.0_CDS_at	0.157395305646094	0.0604397973681002	24	14	0.118440385848747	3.533	3.715	3.601	3.944	3.54	4.006	3.769	3.663	4.067	3.897	3.817	4.333	2.925	3.763	3.888	3.484	3.528	3.992	4.431	4.137	3.659	4.376	3.774	3.944	3.569	3.504
Ag.X.181.1_a_at	0.166121431189488	0.0651196010262791	24	2	0.211955257660668	5.744	5.972	5.82	6.108	5.52	6.196	5.43	5.537	5.564	5.519	5.498	6.122	6.344	6.24	5.694	6.119	6.38	6.219	5.522	5.627	5.533	6.034	6.484	6.45	6.267	6.569
Ag.X.178.0_CDS_at	0.166121431189488	0.0651196010262791	20	2	0.101469823100269	7.249	7.317	7.317	7.218	6.99	7.135	6.755	7.115	7.134	7.392	6.945	7.176	7.073	7.012	6.872	7.151	6.811	7.073	6.935	6.874	7.256	7.402	6.789	7.394	6.844	6.941
Ag.X.16.1_CDS_s_at	0.187746098682899	0.0758494238678913	28	22	0.164755880016465	4.374	5.073	4.182	4.098	4.673	4.126	4.2	4.574	4.914	4.278	4.203	4.638	4.235	4.828	4.274	4.375	4.252	4.596	4.02	4.199	4.471	4.312	4.674	4.989	5.437	4.974
Ag.X.9.0_CDS_a_at	0.187746098682899	0.0758494238678913	20	18	0.0639931636973826	7.504	7.617	7.286	7.675	7.437	7.557	7.524	7.73	7.621	7.781	7.573	7.876	7.529	7.533	7.47	7.591	7.474	7.591	7.571	7.655	7.537	7.724	7.515	7.529	7.485	7.46
Ag.X.82.0_UTR_a_at	0.187746098682899	0.0758494238678913	24	22	0.0595737463149672	12.229	12.145	11.907	11.985	11.894	11.963	11.927	11.952	11.925	11.958	11.937	12.055	11.993	12.019	11.889	11.888	11.863	11.815	11.712	12.056	11.796	11.908	12.066	11.953	11.867	11.967
Ag.X.130.0_CDS_at	0.200939453021437	0.0819832968327465	20	14	0.0661144840409426	4.377	4.184	4.318	4.267	4.699	4.275	4.525	4.441	4.345	4.289	4.319	4.213	4.325	4.289	4.449	4.283	4.989	4.386	4.334	4.408	4.333	4.294	4.33	4.181	4.542	4.281
Ag.X.147.0_CDS_at	0.207823513673589	0.0881171697976017	28	8	0.405879292401078	4.887	5.37	5.281	5.389	4.748	5.545	5.544	5.651	4.733	5.112	4.651	4.97	4.49	4.493	4.698	4.726	4.59	5.06	4.89	5.228	4.498	5.038	4.587	4.609	4.715	4.46
Ag.X.142.0_UTR_a_at	0.207823513673589	0.0881171697976017	28	22	0.173241161390702	11.95	11.734	11.604	11.33	11.534	11.488	11.679	11.333	11.808	11.535	11.924	11.694	11.593	11.603	11.578	11.339	11.685	11.467	11.474	11.233	11.709	11.484	11.85	11.476	11.848	11.634
Ag.X.153.0_CDS_s_at	0.207823513673589	0.0881171697976017	28	0	0.0919238815542511	2.585	2.496	2.506	2.674	2.544	2.383	2.647	2.35	2.781	2.387	2.409	2.392	2.581	3.054	3.212	2.57	2.423	2.861	2.422	2.379	2.429	2.389	2.433	2.359	2.513	2.395
Ag.X.184.0_CDS_a_at	0.207823513673589	0.0881171697976017	24	22	0.0544472221513641	2.382	3.17	2.351	2.278	2.365	2.291	2.365	2.385	2.354	2.307	2.352	3.009	2.828	2.654	2.353	2.302	2.313	2.305	2.527	2.296	2.355	2.299	2.372	2.525	2.372	2.37
Ag.X.61.0_CDS_at	0.296824091513106	0.127040711167609	20	8	0.189151063967401	2.315	2.269	2.402	2.582	2.305	2.582	2.331	2.803	2.403	2.057	2.409	2.647	2.765	2.731	2.754	2.714	2.419	2.555	1.909	2.314	1.883	2.304	2.361	2.73	2.407	2.427
Ag.X.11.0_CDS_at	0.355652198534517	0.156486967355187	24	4	0.131168307910105	6.933	7.009	7.039	7.122	7.209	7.011	6.914	6.602	6.699	6.871	7.104	6.923	7.316	6.912	6.915	7.013	7.242	7.252	6.863	6.821	7.003	6.834	7.206	6.866	6.939	6.978
Ag.X.72.0_CDS_a_at	0.355652198534517	0.156486967355187	28	20	0.0254558441227154	12.281	12.346	12.38	12.312	12.315	12.324	12.361	12.515	12.314	12.373	12.372	12.457	12.436	12.317	12.369	12.456	12.139	12.207	12.316	12.353	12.358	12.291	12.347	12.364	12.36	12.444
Ag.X.174.0_UTR_a_at	0.355652198534517	0.156486967355187	28	10	0.0183847763108501	6.787	6.629	6.776	6.747	6.779	6.759	6.77	6.751	6.721	6.755	6.758	6.75	6.707	6.636	6.579	6.733	6.777	6.76	6.778	6.752	6.779	6.763	6.774	6.749	6.751	6.753
Ag.X.146.0_UTR_s_at	0.378404464186651	0.168011582098873	28	8	0.0565685424949251	9.134	8.877	9.151	9.038	9.219	9.133	9.195	8.755	9.272	9.147	8.813	8.761	9.079	9.008	9.108	8.897	9.459	9.465	9.154	8.977	9.284	9.214	9.112	8.97	9.038	8.841
Ag.X.11.0_UTR_at	0.400750439380711	0.179536196842559	24	6	0.168644967312992	3.523	4.014	3.653	4.318	3.99	4.179	3.699	3.778	3.142	4.003	3.776	3.773	3.643	3.547	3.832	3.986	4.027	3.98	3.422	3.775	3.383	3.516	3.423	4.444	3.874	3.741
Ag.X.142.0_CDS_a_at	0.446708039913679	0.205485698360292	24	22	0.151320851173921	7.929	7.579	7.589	7.308	7.512	7.17	7.526	7.124	7.336	7.453	7.876	7.625	6.989	7.088	7.435	7.081	7.34	6.72	7.31	6.951	7.305	7.136	7.937	7.545	7.626	7.343
Ag.X.160.0_CDS_at	0.446708039913679	0.205485698360292	24	22	0.0639931636973823	6.569	6.746	6.288	6.509	6.227	6.361	6.221	6.664	6.273	6.31	6.473	6.736	6.369	6.313	6.391	6.692	6.157	6.151	6.395	6.61	6.406	6.678	6.397	6.523	6.364	6.454
Ag.X.91.6_a_at	0.446708039913679	0.205485698360292	28	8	0.0424264068711932	11.847	11.578	11.548	11.494	11.683	11.567	11.51	11.448	11.592	11.521	11.342	11.363	11.42	11.388	11.628	11.474	11.788	11.447	11.557	11.531	11.648	11.653	11.443	11.431	11.693	11.415
Ag.X.149.0_CDS_a_at	0.505664281157556	0.234628226457106	28	2	0.138592929112563	7.137	7.354	7.819	7.088	7.527	7.072	7.503	6.919	7.021	6.894	7.307	6.876	7.254	7.081	7.581	7.191	7.55	6.989	7.267	6.874	7.075	7.058	7.064	7.095	7.255	6.964
Ag.X.104.0_CDS_s_at	0.604916081496568	0.28552039046638	24	8	0.0975807358037435	6.347	6.371	6.63	6.595	6.221	6.636	6.504	6.594	6.489	6.442	6.452	6.588	6.393	6.592	6.634	6.678	6.493	6.631	6.534	6.597	6.452	6.461	6.184	6.604	6.212	6.618
Ag.X.145.0_CDS_a_at	0.604916081496568	0.28552039046638	20	2	0.0401283098323373	6.826	6.973	7.202	7.062	6.895	6.868	6.613	7.196	7.151	7.393	7.083	7.229	7.417	6.932	6.939	7.058	6.744	7.042	7.031	7.17	7.166	7.469	7.151	7.159	6.977	6.616
Ag.X.144.0_UTR_at	0.632841965099542	0.30376414324778	20	18	0.126218560441799	7.755	7.928	7.587	7.533	7.252	7.39	7.73	7.915	7.465	7.809	7.503	7.961	7.482	7.734	7.555	7.619	7.403	7.519	7.737	7.669	7.439	7.798	7.096	7.485	7.456	7.62
Ag.X.141.1_s_at	0.632841965099542	0.30376414324778	28	8	0.0700035713374683	11.491	11.516	11.689	11.575	11.598	11.553	11.587	11.795	11.411	11.634	11.431	11.59	11.654	11.487	11.632	11.829	11.485	11.62	11.672	11.651	11.595	11.543	11.345	11.542	11.27	11.439
Ag.X.93.0_CDS_s_at	0.711662027921315	0.344444421513917	24	6	0.016086679271994	2.673	2.936	2.95	3.107	3.163	3.062	2.577	3.281	2.872	2.92	2.937	2.905	2.942	2.922	2.952	2.976	2.917	2.723	2.955	3.368	2.865	2.899	2.947	2.916	2.951	3.245
Ag.X.174.0_CDS_a_at	0.752188521193735	0.367067998342543	24	16	0.0245719606462327	4.241	4.204	4.241	4.195	4.249	4.207	3.77	4.512	4.23	4.316	4.231	4.813	4.238	4.22	4.173	4.253	4.25	4.218	4.246	4.225	4.284	4.427	4.243	4.241	4.034	4.214
Ag.X.117.1_CDS_a_at	0.779383150342338	0.389691575171169	28	12	0.216374675043084	4.456	5.506	5.71	5.806	5.764	5.86	5.537	6.287	5.836	5.856	5.562	6.082	5.253	5.453	5.779	5.82	5.602	5.684	5.008	5.564	5.715	5.928	5.777	5.839	4.957	5.41
Ag.X.114.0_UTR_at	0.779383150342338	0.389691575171169	24	20	0.117379725676967	8.535	8.963	8.082	8.455	8.273	8.241	8.121	8.532	8.336	8.486	8.411	8.753	8.254	8.262	8.107	8.401	8.319	8.346	8.264	8.412	8.316	8.679	8.272	8.574	8.487	8.905
Ag.X.137.0_CDS_at	0.779383150342338	0.389691575171169	28	12	0.0692964645562822	6.507	6.432	6.68	6.821	6.767	6.646	6.47	6.689	6.637	6.926	6.468	6.744	6.536	6.62	6.574	6.979	6.65	6.596	6.644	7.052	6.799	7.049	6.664	6.767	6.365	6.644
Ag.X.112.0_CDS_s_at	0.823007433871864	0.414795746671419	20	0	0.0433102903476762	7.481	7.332	7.249	7.347	7.128	7.299	7.439	7.512	6.88	7.466	7.391	7.544	7.239	7.19	7.166	7.304	7.171	7.249	7.281	7.442	7.248	7.505	7.071	7.47	7.14	7.179
Ag.X.64.0_CDS_x_at	0.865944720810374	0.43989991817167	24	16	0.0901561146012848	3.418	2.985	2.942	2.856	4.114	4.697	3.221	3.16	3.024	3.759	4.482	5.197	3.04	2.943	2.945	3.502	2.952	2.919	3.127	3.068	3.187	3.074	3.051	3.191	2.975	2.88
Ag.X.90.0_CDS_at	0.913460445698008	0.46769174819738	28	18	0.0947523086789964	9.585	9.44	9.305	9.661	9.351	9.492	9.546	9.714	9.602	9.727	9.524	9.626	9.354	9.651	9.491	9.646	9.329	9.529	9.561	9.513	9.524	9.452	9.624	9.68	9.456	9.688
Ag.X.124.0_CDS_a_at	0.952853035044405	0.49548357822309	28	6	0.0890954544295049	3.712	3.447	3.878	3.44	3.817	3.754	3.479	3.43	3.484	3.45	3.48	3.426	3.528	3.541	3.483	3.444	3.834	3.578	3.494	3.488	3.504	3.711	3.49	3.371	3.643	3.451
Ag.X.86.0_CDS_a_at	0.952853035044405	0.49548357822309	28	22	0.0558614357137364	8.257	8.609	8.376	8.499	8.178	8.599	8.177	8.562	8.44	8.572	8.344	8.62	8.41	8.643	8.475	8.498	8.345	8.378	8.217	8.428	8.393	8.582	8.455	8.665	8.64	8.489
Ag.X.177.0_CDS_a_at	1	0.556875901432227	24	12	0.0282842712474626	11.703	11.747	11.962	11.992	11.841	11.846	12.03	12.008	11.857	11.884	11.906	11.906	11.795	11.849	11.743	11.784	11.663	11.875	11.848	11.859	11.835	11.833	11.756	11.788	11.7	11.876
Ag.X.129.0_UTR_a_at	1	0.59070227412387	28	22	0.0325269119345833	10.711	10.53	10.452	10.355	10.56	10.543	10.516	10.503	10.559	10.513	10.599	10.431	10.564	10.503	10.564	10.337	10.561	10.335	10.476	10.278	10.577	10.47	10.57	10.56	10.737	10.547
Ag.X.33.0_CDS_at	1	0.624528646815512	24	20	0.111015764646288	3.191	2.917	3.557	2.829	2.979	2.817	3.264	2.935	3.659	3.256	3.945	3.05	2.977	2.896	3.036	2.608	2.999	2.872	2.974	2.636	3.013	2.899	3.258	2.938	3.003	2.748
Ag.X.152.0_CDS_at	1	0.624528646815512	20	18	0.0986413959755233	7.654	7.604	7.415	7.332	7.268	7.265	7.55	7.378	7.387	7.336	7.672	7.868	7.381	7.513	7.324	7.345	7.271	7.348	7.413	7.408	7.206	7.284	7.297	7.18	7.384	7.411
Ag.X.41.0_CDS_at	1	0.698910959753863	28	16	0.00212132034355972	4.374	3.746	4.422	4.578	4.638	4.486	4.438	4.581	4.634	4.595	4.36	4.216	4.422	4.593	4.43	4.196	4.378	4.611	4.419	4.591	4.549	4.598	4.413	4.598	4.649	4.622
Ag.X.109.0_UTR_a_at	1	0.739709537424984	24	14	0.0834386001800135	10.414	10.533	10.574	10.533	10.452	10.527	10.73	10.812	10.668	10.709	10.518	10.8	10.538	10.69	10.673	10.753	10.675	10.833	10.744	10.891	10.781	10.81	10.661	10.789	10.615	10.872
Ag.X.150.0_CDS_at	1	0.739709537424984	24	0	0.0300520382004284	2.811	2.788	2.597	2.533	2.621	2.567	2.599	2.561	2.652	2.509	3.234	2.551	2.696	2.577	2.598	2.56	2.603	2.469	2.595	2.404	2.613	2.578	2.612	2.566	2.613	2.586
Ag.X.170.0_CDS_at	1	0.739709537424984	28	24	0.0212132034355972	5.895	5.802	5.86	5.747	5.776	5.75	5.834	5.766	5.921	5.935	5.724	5.836	6.028	5.849	5.855	5.821	5.882	5.971	5.583	5.838	5.763	5.864	5.801	5.836	5.902	6.208
Ag.X.185.0_CDS_at	1	0.869820022493513	24	12	0.0548007755419575	4.454	4.565	4.439	4.821	4.426	4.79	4.609	4.855	4.52	4.796	4.516	4.546	4.558	4.782	4.574	4.693	4.45	4.956	4.759	4.828	4.46	4.602	4.457	4.685	4.357	4.471
Ag.X.121.0_CDS_a_at	1	0.869820022493513	0	0	0	9.619	9.711	9.875	9.91	9.676	9.705	9.786	9.756	9.82	9.721	9.763	9.782	9.834	9.711	9.82	9.731	9.623	9.579	9.759	9.528	9.57	9.656	9.762	9.879	9.737	9.89
Ag.X.144.0_CDS_at	1	0.967359488679116	20	8	0.105358910396796	2.276	2.223	2.486	2.516	2.275	2.532	2.266	2.975	2.329	2.238	2.264	2.213	2.282	3.205	2.273	2.435	2.265	2.281	2.268	2.213	2.3	2.344	2.294	2.229	2.294	2.253
Ag.X.13.0_CDS_at	1	1	28	0	1.19076781951815	7.658	7.446	3.067	3.045	3.082	2.97	4.679	3.454	3.08	2.981	3.077	3.033	6.593	4.717	3.072	3.041	3.099	3.183	3.086	3.037	3.085	3.051	3.132	3.046	3.08	3.067
Ag.X.180.0_CDS_at	1	1	28	14	1.12359267530542	4.008	4.952	4.909	4.7	5.886	6.553	5.913	6.49	6.458	6.738	6.076	6.912	4.649	5.124	6.077	6.148	4.533	4.754	4.485	5.655	4.517	5.022	3.833	4.778	4.504	4.216
Ag.X.19.0_CDS_at	1	1	28	0	1.10803632611932	5.591	5.495	1.937	1.893	1.94	1.904	2.177	3.613	1.938	1.905	1.937	1.892	3.472	4.041	1.935	1.9	1.945	1.913	1.941	1.895	1.952	1.907	1.972	1.902	1.953	1.926
Ag.X.8.0_CDS_a_at	1	1	28	24	0.732562625309263	12.165	12.149	11.398	11.445	12.701	12.728	10.734	10.916	11.165	11.268	12.45	12.48	12.434	12.564	11.767	11.763	12.659	12.603	11.957	11.96	12.171	12.154	11.868	11.855	11.693	11.841
Ag.X.8.1_a_at	1	1	28	24	0.639931636973825	13.515	13.487	12.857	12.906	14.047	13.959	12.344	12.518	12.7	12.69	13.811	13.811	13.774	13.808	13.163	13.116	13.938	14.014	13.279	13.259	13.464	13.502	13.181	13.225	13.142	13.247
Ag.X.136.0_CDS_at	1	1	20	6	0.314132187542124	6.48	6.698	6.544	6.774	7.027	7.327	7.206	7.491	6.171	6.539	6.704	6.894	7.231	7.193	6.926	7.134	5.765	5.664	6.277	6.849	5.99	6.125	6.577	6.534	5.37	5.884
Ag.X.18.0_CDS_at	1	1	28	24	0.264457936163769	6.847	7.577	2.684	2.567	2.686	2.59	2.681	2.858	2.685	2.602	2.683	2.572	3.73	4.393	2.685	2.647	2.705	2.628	2.689	2.642	2.699	2.609	2.732	2.649	2.759	2.673
Ag.X.121.1_CDS_a_at	1	1	28	18	0.251730014102411	3.219	4.597	4.019	3.503	4.543	4.113	4.691	4.418	4.545	4.629	4.03	4.313	4.18	4.645	4.45	4.502	4.203	4.609	4.022	4.562	3.893	4.514	4.13	4.988	4.489	4.744
Ag.X.39.0_CDS_at	1	1	20	2	0.226097393284399	4.893	5.418	4.948	5.12	4.497	5.14	5.4	5.343	4.496	4.958	4.96	5.705	4.942	5.035	3.576	4.956	4.505	5.033	4.349	4.827	4.428	5.011	3.926	5.496	4.889	4.777
Ag.X.35.0_CDS_at	1	1	28	8	0.19657568516986	3.405	3.817	3.863	4.11	3.308	3.896	3.586	4.345	3.338	3.772	3.335	4.22	3.35	3.649	3.577	3.608	3.267	3.819	3.345	3.799	3.374	3.585	3.337	3.721	3.284	4.119
Ag.X.39.1_a_at	1	1	20	2	0.18031222920257	2.558	3.949	2.708	3.685	2.916	3.323	3.584	3.406	2.544	2.921	2.885	4.255	2.794	3.259	2.541	3.268	2.55	3.33	2.549	2.489	2.57	2.746	2.564	3.478	2.618	2.529
Ag.X.99.0_CDS_at	1	1	20	18	0.172180501218924	5.181	5.813	5.35	5.901	5.069	5.74	4.978	5.377	5.135	5.718	5.452	6.249	4.761	5.259	4.974	5.408	4.856	5.749	4.963	5.978	4.993	5.514	5.16	6.085	5.212	5.451
Ag.X.34.0_CDS_at	1	1	20	4	0.162988113063499	5.863	6.399	5.846	6.771	5.714	6.397	5.832	6.174	5.794	6.423	6.169	6.428	6.502	6.063	6.029	6.346	5.79	6.036	5.839	6.107	5.814	6.452	5.814	6.314	5.865	6.348
Ag.X.15.0_CDS_at	1	1	20	4	0.15927580246227	3.272	3.743	3.274	3.478	3.277	3.823	3.275	3.958	3.277	3.236	3.732	3.075	3.5	3.343	3.441	3.908	2.862	3.237	3.265	3.224	3.45	3.225	3.275	3.235	3.111	3.481
Ag.X.175.0_UTR_s_at	1	1	28	6	0.141421356237309	7.79	7.294	6.839	6.824	7.197	6.961	7.098	7.008	6.898	6.737	7.353	6.885	6.975	6.644	7.157	6.939	7.171	7.016	7.315	7.096	7.059	7.087	7.143	6.925	7.275	6.652
Ag.X.179.0_CDS_a_at	1	1	24	18	0.140007142674936	4.474	3.963	4.248	3.754	4.004	3.793	4.697	3.816	3.961	3.941	4.33	3.947	3.882	3.773	4.213	3.906	4.451	3.738	4.186	4.173	4.568	4.456	4.425	4.064	3.952	3.775
Ag.X.120.0_CDS_at	1	1	24	6	0.139830365979639	6.108	6.566	6.176	6.367	6.098	6.411	5.51	6.467	5.98	6.211	6.08	6.369	6.012	6.455	6.035	6.277	6.122	6.297	5.906	6.519	5.548	5.894	5.772	6.198	6.124	6.517
Ag.X.126.0_CDS_at	1	1	28	24	0.136471608769003	6.66	6.632	6.433	6.831	6.46	6.665	6.439	6.835	6.445	6.682	6.927	6.901	6.487	6.948	6.507	6.624	6.438	6.798	6.492	6.898	6.623	6.718	6.489	6.51	6.462	6.714
Ag.X.151.0_CDS_at	1	1	20	10	0.133643181644258	5.545	5.76	5.797	6.173	5.924	6.189	4.891	5.906	5.694	6.171	5.648	6.345	5.479	5.707	5.54	6.374	5.886	6.146	5.303	5.664	5.868	6.568	5.89	6.331	5.943	6.423
Ag.X.129.3_CDS_a_at	1	1	28	16	0.130814754519512	6.287	6.717	6.288	6.507	6.426	6.38	6.787	6.52	6.42	6.576	6.709	6.67	6.483	6.455	6.373	6.297	6.724	6.385	6.307	6.334	6.216	6.359	6.406	6.739	6.215	6.094
Ag.X.165.0_CDS_at	1	1	20	6	0.127986327394765	6.743	6.625	6.834	7.074	7.013	7.008	6.643	7.046	6.745	6.812	6.817	6.881	6.994	6.836	6.9	6.998	6.652	6.695	6.885	7.006	6.72	6.805	6.663	6.988	6.721	6.798
Ag.X.56.0_CDS_at	1	1	28	0	0.124450793488832	4.881	4.515	4.352	4.184	4.445	4.245	4.349	4.198	4.414	4.27	4.357	4.176	5.303	4.506	4.676	4.257	4.616	4.315	4.697	4.234	5.166	4.287	4.697	4.24	4.992	4.493
Ag.X.125.1_CDS_a_at	1	1	28	26	0.122329473145273	7.783	7.499	7.961	7.146	7.517	7.131	8.141	7.449	7.26	7.257	7.942	7.424	7.771	7.157	7.653	6.924	7.823	7.09	7.744	7.107	7.45	7.011	7.898	7.221	7.246	6.756
Ag.X.142.4_CDS_a_at	1	1	28	22	0.115965512114595	5.214	5.15	5.199	4.926	5.204	4.75	5.404	4.48	5.407	4.975	5.202	5.179	5.268	4.799	5.448	4.983	5.212	5.171	5.205	4.636	5.226	4.786	5.261	4.966	5.453	5.033
Ag.X.95.0_CDS_at	1	1	28	14	0.114551298552221	6.112	6.558	6.444	6.81	6.507	6.82	6.534	6.888	6.423	6.757	6.628	6.829	6.445	6.595	6.733	6.847	6.437	6.946	6.514	6.979	6.55	6.633	6.672	6.884	6.524	6.933
Ag.X.15.0_UTR_at	1	1	28	6	0.111722871427475	8.69	8.76	8.508	8.339	8.636	8.627	8.632	8.527	8.586	8.342	8.408	8.423	8.436	8.541	8.586	8.435	8.387	8.373	8.408	8.503	8.694	8.774	8.319	8.647	8.286	8.396
Ag.X.131.1_a_at	1	1	24	10	0.107657007435652	5.256	5.657	5.352	5.346	5.298	5.225	5.56	5.428	5.031	5.443	5.252	5.393	5.348	5	5.143	5.701	4.878	5.637	5.24	5.438	5.099	5.276	4.751	4.839	5.079	5.318
Ag.X.162.1_a_at	1	1	24	6	0.106066017177982	4.446	4.886	4.235	4.694	4.278	4.575	4.861	4.813	4.354	4.185	4.245	4.84	4.454	4.676	4.823	4.503	4.514	4.348	4.256	4.222	4.244	4.543	4.25	4.29	4.243	4.296
Ag.X.179.0_UTR_at	1	1	24	18	0.103414366748533	5.479	4.847	4.854	4.488	5.162	5.086	5.149	5.098	5.132	4.904	4.84	5.331	5.258	5.13	5.881	5.142	5.362	5.091	5.587	5.506	5.848	5.5	5.462	5.083	5.243	4.599
Ag.X.91.0_CDS_a_at	1	1	28	20	0.101116269709677	7.266	7	7.286	6.536	7.592	7.004	7.515	6.767	7.528	7.008	7.434	6.684	7.449	7.409	7.499	6.749	7.579	6.75	7.252	6.822	7.101	7.017	7.418	6.848	7.399	7.048
Ag.X.182.0_CDS_at	1	1	28	16	0.0975807358037441	6.11	6.375	6.047	6.669	5.992	6.416	6.324	6.281	6.146	6.696	6.187	6.506	5.973	6.314	6.095	6.367	6.065	6.335	6.094	6.235	6.067	6.541	6.358	6.657	5.903	6.203
Ag.X.141.0_CDS_s_at	1	1	24	10	0.0947523086789976	10.061	10.267	10.195	10.394	10.152	10.349	10.302	10.511	10.194	10.363	10.146	10.349	10.213	10.143	10.345	10.638	9.995	10.285	10.219	10.261	9.837	10.061	9.987	10.227	9.953	10.283
Ag.X.111.0_UTR_a_at	1	1	28	4	0.0834386001800122	3.698	3.662	3.539	3.27	3.413	3.39	3.324	3.272	3.317	3.267	3.316	3.343	3.346	3.294	3.305	3.302	3.308	3.293	3.323	3.482	3.331	3.231	3.326	3.328	3.52	3.367
Ag.X.21.0_CDS_a_at	1	1	28	20	0.0813172798364525	6.253	6.539	6.243	6.626	6.24	6.499	6.126	6.44	6.399	6.822	6.244	6.754	6.357	6.369	6.24	6.864	6.289	6.599	6.007	6.749	6.266	6.584	6.255	6.58	6.251	6.754
Ag.X.82.1_CDS_a_at	1	1	20	2	0.0777817459305205	13.354	13.046	13.319	12.945	13.275	12.775	13.227	12.85	13.138	12.833	13.275	12.816	13.271	12.914	13.239	12.799	13.07	12.712	13.201	12.837	13.166	12.728	13.226	12.764	13.028	12.686
Ag.X.70.0_CDS_at	1	1	24	10	0.0735391052434016	11.363	11.528	11.578	11.665	11.423	11.553	11.504	11.625	11.323	11.471	11.482	11.793	11.469	11.503	11.574	11.807	11.495	11.676	11.566	11.66	11.483	11.61	11.355	11.489	11.559	11.832
Ag.X.169.0_CDS_a_at	1	1	24	18	0.0731855518528076	6.621	7.118	6.631	7.213	6.878	7.066	7.011	7.163	6.774	7.085	6.712	7.135	6.641	7.178	6.688	6.922	6.692	7.146	6.917	7.174	6.758	7.313	6.749	7.303	6.737	7.062
Ag.X.82.2_UTR_a_at	1	1	28	4	0.0707106781186545	12.96	12.499	12.715	12.18	12.799	12.235	12.691	12.083	12.703	12.135	12.745	12.24	12.753	12.123	12.577	12.067	12.723	12.157	12.844	12.2	12.741	12.095	12.664	12.015	12.616	11.835
Ag.X.121.1_UTR_a_at	1	1	20	0	0.0620486200491188	11.044	11.354	11.295	11.461	11.146	11.318	11.097	11.292	11.276	11.327	11.335	11.379	11.105	11.292	11.169	11.332	11.154	11.173	11.07	11.28	11.13	11.3	11.315	11.476	11.211	11.45
Ag.X.83.0_CDS_a_at	1	1	28	20	0.0615182899632295	11.478	11.736	11.808	11.891	11.564	11.741	11.514	11.773	11.739	11.784	11.651	11.844	11.659	11.938	11.731	11.877	11.584	11.676	11.71	11.822	11.618	11.692	11.641	11.808	11.648	12.063
Ag.X.175.1_CDS_s_at	1	1	28	8	0.059396969619671	7.547	7.204	7.657	7.429	7.589	7.417	7.82	7.455	7.556	7.247	7.821	7.455	7.493	7.387	7.679	7.446	7.624	7.414	7.633	7.539	7.513	7.388	7.896	7.485	7.349	6.858
Ag.X.69.0_CDS_at	1	1	28	18	0.0565685424949239	12.468	12.548	12.554	12.763	12.53	12.608	12.609	12.682	12.569	12.68	12.602	12.699	12.66	12.707	12.593	12.679	12.4	12.59	12.583	12.756	12.501	12.646	12.594	12.766	12.529	12.852
Ag.X.49.0_CDS_at	1	1	28	22	0.0558614357137377	2.473	2.023	2.038	1.985	2.035	2.487	2.083	1.606	2.042	2.595	2.143	2.044	2.022	2.12	2.054	2.003	2.045	1.868	2.041	2.171	2.127	2.001	2.061	2.006	2.044	2.017
Ag.X.83.1_a_at	1	1	28	20	0.053740115370178	12.945	12.877	12.968	12.943	12.92	12.931	12.859	12.95	13.126	13.028	12.947	12.903	13.044	13.012	13.045	13.084	12.929	13.003	13.007	13.044	13.025	12.943	13.025	12.981	12.97	13.052
Ag.X.14.1_CDS_a_at	1	1	28	8	0.0530330085889906	8.949	8.826	8.824	9.174	8.769	8.972	9.01	9.154	8.808	9.029	8.578	8.901	8.971	9.059	9.05	9.163	8.825	8.853	8.986	9.267	8.973	9.022	9.014	9.037	8.855	9.16
Ag.X.64.0_CDS_s_at	1	1	20	16	0.0523259018078039	2.808	2.789	2.72	2.665	2.729	3.109	2.71	2.708	2.726	2.683	2.813	3.791	2.756	2.681	2.691	2.643	2.784	3.133	2.734	3.102	2.749	2.686	2.746	2.921	2.742	2.674
Ag.X.37.0_CDS_at	1	1	28	26	0.0516187950266183	4.394	4.34	4.383	4.341	4.354	4.31	4.218	4.265	4.368	4.352	4.451	4.296	4.385	4.606	4.364	4	4.365	4.464	4.374	4.345	4.395	4.29	4.767	4.292	4.412	4.371
Ag.X.91.0_UTR_a_at	1	1	28	22	0.0509116882454308	8.799	8.869	8.882	8.684	8.728	8.695	8.727	8.671	8.969	8.68	9.263	8.674	8.734	8.707	8.911	8.647	8.734	8.705	8.731	8.687	8.74	8.685	8.983	8.677	8.751	8.775
Ag.X.92.0_CDS_s_at	1	1	28	6	0.0487903679018724	11.563	11.48	11.545	11.541	11.328	11.432	11.463	11.532	11.39	11.534	11.405	11.449	11.356	11.472	11.324	11.497	11.421	11.475	11.42	11.521	11.35	11.421	11.515	11.429	11.447	11.628
Ag.X.128.0_CDS_a_at	1	1	28	20	0.0466690475583127	9.992	9.954	10.06	10.036	9.906	10.088	9.924	10.062	9.871	10.128	10.012	10.192	10.043	10.119	9.993	10.092	9.991	10.114	10.028	10.089	10.067	10.084	9.876	10.081	9.962	10.031
Ag.X.101.0_CDS_a_at	1	1	28	20	0.0452548339959391	9.143	9.439	9.305	9.361	9.192	9.438	9.272	9.442	9.278	9.35	9.183	9.513	9.369	9.518	9.26	9.452	9.134	9.437	9.349	9.547	9.264	9.274	9.13	9.422	9.257	9.55
Ag.X.177.1_a_at	1	1	28	8	0.0445477272147517	12.233	12.395	12.421	12.398	12.479	12.356	12.528	12.533	12.45	12.358	12.437	12.353	12.439	12.38	12.365	12.407	12.323	12.371	12.316	12.392	12.362	12.374	12.387	12.388	12.345	12.398
Ag.X.38.0_CDS_at	1	1	28	0	0.0431335136523794	4.308	3.989	4.191	3.833	4.036	3.993	4.021	3.929	4.027	3.967	4.023	3.977	4.05	4.106	3.679	3.528	4.043	4.095	4.033	3.949	4.058	3.961	4.065	3.993	4.053	4.005
Ag.X.143.1_a_at	1	1	28	10	0.0424264068711932	10.779	10.656	10.718	10.908	10.597	10.802	10.69	10.877	10.686	10.831	10.743	10.75	10.482	10.659	10.652	10.734	10.873	10.7	10.652	10.811	10.644	10.724	10.544	10.684	10.915	10.694
Ag.X.75.0_CDS_at	1	1	24	10	0.0364159992311065	12.992	13.104	13.065	13.201	13.089	13.114	13.155	13.176	12.978	13.063	13.1	13.217	13.1	13.107	13.084	13.252	12.968	13.166	13.186	13.226	13.082	13.123	13.079	13.149	13.097	13.192
Ag.X.93.1_CDS_s_at	1	1	28	4	0.0325269119345811	2.604	3.107	2.575	2.84	2.819	2.708	2.574	2.792	2.59	2.778	2.599	2.584	2.604	2.823	2.588	2.571	2.596	2.586	2.451	3.331	2.608	2.663	2.605	2.58	2.606	2.874
Ag.X.103.0_CDS_at	1	1	28	6	0.0275771644662745	6.951	7.241	6.942	7.225	6.948	7.088	6.928	7.187	6.927	7.25	6.942	7.027	6.894	7.084	6.943	7.107	6.935	7.078	6.932	7.221	6.946	7.141	6.941	6.98	6.942	7.183
Ag.X.10.0_CDS_at	1	1	28	0	0.026870057685089	5.658	5.546	2.062	2.006	2.066	2.012	2.06	2.186	2.064	2.017	2.065	2.006	2.094	2.044	2.059	2.014	2.07	2.03	2.061	2.005	2.09	2.022	2.079	2.015	2.088	2.043
Ag.X.47.0_CDS_at	1	1	28	4	0.0254558441227161	2.636	2.598	2.679	2.582	2.651	2.881	2.624	2.586	2.625	2.582	2.625	2.494	2.661	2.598	2.626	2.525	2.631	2.561	2.629	2.593	2.654	2.599	2.637	2.578	2.639	2.614
Ag.X.173.1_a_at	1	1	28	20	0.0254558441227154	3.013	2.857	2.997	2.891	2.995	2.874	2.998	2.919	2.996	2.893	3.093	2.951	3.008	2.976	3.001	2.959	3.004	2.942	3.011	2.897	3.031	2.882	3.101	2.963	3.064	2.985
Ag.X.181.0_CDS_a_at	1	1	28	24	0.023334523779156	3.467	3.431	3.459	3.426	3.438	3.666	3.459	3.396	3.446	3.432	3.596	3.515	3.488	3.441	3.461	3.425	3.681	4.176	3.462	3.458	3.456	3.612	3.604	3.635	3.667	4.014
Ag.X.68.6_a_at	1	1	28	18	0.0233345237791557	11.166	11.26	11.224	11.251	11.193	11.265	11.257	11.347	11.097	11.269	11.202	11.324	11.144	11.389	11.192	11.405	11.097	11.245	11.292	11.356	11.236	11.106	11.192	11.291	11.202	11.576
Ag.X.176.0_CDS_at	1	1	28	8	0.0219203102167834	5.576	5.407	5.628	5.594	5.627	5.463	5.621	5.596	5.625	5.487	5.605	5.378	5.617	5.654	5.628	5.641	5.629	5.609	5.68	5.6	5.64	5.612	5.63	5.434	5.64	5.582
Ag.X.50.0_CDS_at	1	1	28	22	0.0219203102167831	2.777	2.634	2.743	2.612	2.746	2.668	2.738	2.622	2.749	2.656	2.746	2.609	2.813	2.717	2.738	2.635	2.775	2.685	2.763	2.619	2.808	2.66	2.822	2.637	2.819	2.72
Ag.X.6.1_UTR_a_at	1	1	28	6	0.0212132034355963	4.671	5.34	2.048	1.975	2.052	2.003	2.049	2.126	2.045	2.022	2.05	1.954	2.067	2.029	2.047	1.985	2.06	2.024	2.051	1.994	2.062	2.011	2.08	1.981	2.062	2.035
Ag.X.140.0_CDS_at	1	1	20	10	0.0197989898732232	3.015	2.976	3.004	2.962	3.247	2.973	3.339	3.375	2.999	2.974	2.998	2.998	3.016	2.986	3.261	2.97	3.01	2.968	3.008	2.966	3.021	2.969	3.359	2.953	3.015	2.993
Ag.X.166.4_CDS_s_at	1	1	20	16	0.0190918830920369	3.3	3.315	3.284	3.23	3.27	3.188	3.282	3.31	3.286	3.246	3.285	3.207	3.135	3.271	3.282	3.292	3.3	3.328	3.292	3.251	3.312	3.314	3.362	3.293	3.363	3.331
Ag.X.51.0_CDS_at	1	1	24	22	0.0190918830920366	3.004	2.849	2.958	2.858	2.968	2.882	2.968	2.874	2.972	2.889	2.968	2.806	3.113	2.936	2.966	2.862	2.995	2.91	2.987	2.822	3.048	2.887	3.043	2.912	3.04	2.954
Ag.X.66.0_CDS_s_at	1	1	28	22	0.0169705627484772	2.553	2.468	2.52	2.424	2.531	2.444	2.521	2.434	2.531	2.454	2.527	2.424	2.569	2.49	2.526	2.446	2.55	2.477	2.539	2.43	2.578	2.461	2.536	2.448	2.574	2.504
Ag.X.152.2_at	1	1	28	18	0.0155563491861036	2.439	2.739	2.774	2.73	2.775	2.742	2.792	2.724	2.777	2.748	2.776	2.727	2.804	2.752	2.776	2.757	2.791	2.749	2.784	2.72	2.888	2.751	2.726	2.743	2.797	3.292
Ag.X.111.1_CDS_a_at	1	1	28	22	0.014142135623731	2.798	2.693	2.756	2.638	2.756	2.699	2.758	2.681	2.777	2.708	2.754	2.673	2.764	2.74	2.756	2.711	2.774	2.738	2.785	2.686	2.797	2.704	2.815	2.695	2.772	2.782
Ag.X.62.0_CDS_at	1	1	20	10	0.0130814754519512	1.956	1.896	1.933	1.888	1.936	1.899	1.941	1.89	1.93	1.911	1.935	1.888	1.946	1.917	1.932	2.168	1.945	2.264	1.938	1.901	1.955	1.907	1.948	1.897	2.067	1.923
Ag.X.12.0_CDS_a_at	1	1	28	0	0.0127279220613577	2.441	2.396	2.43	2.602	2.431	2.411	2.43	2.393	2.433	2.402	2.423	2.359	2.438	2.417	2.431	2.396	2.434	2.392	2.43	2.404	2.445	2.408	2.444	2.374	2.442	2.416
Ag.X.66.0_CDS_at	1	1	28	22	0.0120208152801712	2.499	2.404	2.482	2.377	2.494	2.411	2.487	2.388	2.495	2.411	2.492	2.402	2.534	2.46	2.487	2.411	2.493	2.443	2.503	2.406	2.53	2.42	2.516	2.413	2.532	2.467
Ag.X.80.0_CDS_a_at	1	1	20	14	0.0118440385848744	2.289	2.236	2.275	2.227	2.277	2.25	2.278	2.23	2.253	3.118	2.277	2.227	2.285	2.254	2.271	2.232	2.286	2.248	2.28	2.315	2.293	2.241	2.284	2.28	2.293	2.467
Ag.X.58.0_CDS_at	1	1	28	0	0.0113137084989851	2.364	2.292	2.343	2.288	2.349	2.296	2.346	2.274	2.349	2.291	2.35	2.265	2.369	2.319	2.345	2.299	2.371	2.315	2.353	2.271	2.393	2.304	2.371	2.301	2.37	2.333
Ag.X.25.0_CDS_s_at	1	1	28	24	0.0113137084989851	2.532	2.674	2.506	2.473	2.518	2.484	2.52	2.477	2.52	2.485	2.513	2.47	2.527	2.497	2.513	2.479	2.526	2.494	2.522	2.472	2.538	2.488	2.535	2.483	2.537	2.505
Ag.X.55.0_CDS_at	1	1	28	24	0.00989949493661183	2.349	2.284	2.325	2.25	2.336	2.288	2.331	2.258	2.336	2.275	2.333	2.274	2.35	2.295	2.33	2.269	2.348	2.304	2.339	2.26	2.359	2.28	2.361	2.27	2.363	2.318
Ag.X.32.0_CDS_at	1	1	28	22	0.00989949493661152	2.361	2.256	2.326	2.245	2.335	2.297	2.338	2.253	2.334	2.304	2.334	2.259	2.361	2.301	2.336	2.299	2.34	2.311	2.338	2.364	2.37	2.271	2.344	2.294	2.347	2.32
Ag.X.27.0_UTR_at	1	1	28	2	0.00989949493661121	2.281	2.232	2.256	2.181	2.26	2.219	2.259	2.215	2.26	2.204	2.257	2.186	2.272	2.237	2.258	2.199	2.267	2.224	2.263	2.212	2.279	2.209	2.277	2.2	2.274	2.246
Ag.X.27.0_CDS_s_at	1	1	28	18	0.0098994949366112	2.058	2.005	2.039	1.985	2.041	2.008	2.042	2.307	2.039	2.01	2.039	1.999	2.053	2.021	2.039	2.004	2.052	2.018	2.046	2.001	2.066	2.006	2.062	2.008	2.062	2.026
Ag.X.36.0_CDS_at	1	1	24	12	0.00919238815542536	2.331	2.237	2.309	2.284	2.334	2.291	2.782	2.295	2.317	2.292	2.32	2.284	2.33	2.304	2.305	2.267	2.33	2.302	2.327	2.238	2.355	2.297	2.339	2.246	2.343	2.299
Ag.X.43.0_CDS_at	1	1	24	10	0.00919238815542521	2.342	2.289	2.316	2.29	2.318	2.276	2.315	2.594	2.317	2.28	2.234	2.299	2.321	2.292	2.314	2.235	2.309	2.296	2.321	2.27	2.147	2.279	2.327	2.277	2.334	2.574
Ag.X.48.0_CDS_at	1	1	24	6	0.00866205806953527	2.485	2.431	2.466	2.429	2.476	2.438	2.471	2.381	2.474	2.396	2.473	2.428	2.482	2.454	2.475	2.438	2.497	2.454	2.487	2.345	2.489	2.44	2.487	2.368	2.489	2.461
Ag.X.42.0_CDS_at	1	1	28	20	0.00848528137423858	2.499	2.404	2.489	2.447	2.496	2.458	2.489	2.4	2.484	2.458	2.489	2.446	2.531	2.47	2.49	2.455	2.513	2.47	2.493	2.451	2.54	2.465	2.501	2.46	2.501	2.473
Ag.X.45.0_CDS_at	1	1	24	22	0.00848528137423858	2.12	2.004	2.049	1.992	2.059	1.996	2.052	1.997	2.054	2.013	2.056	1.993	2.07	2.015	2.053	2.004	2.063	2.02	2.065	1.996	2.078	2.013	2.096	2.009	2.1	2.037
Ag.X.157.0_CDS_at	1	1	24	22	0.00848528137423858	2.42	2.364	2.408	2.36	2.406	2.37	2.396	2.366	2.409	2.372	2.405	2.363	2.453	2.388	2.409	2.359	2.438	2.376	2.429	2.363	2.444	2.38	2.456	2.372	2.425	2.397
Ag.X.46.0_CDS_at	1	1	24	22	0.00813172798364518	2.208	2.137	2.187	2.117	2.196	2.134	2.189	2.132	2.191	2.137	2.191	2.116	2.214	2.161	2.222	2.13	2.205	2.155	2.198	2.122	2.223	2.15	2.257	2.139	2.235	2.174
Ag.X.81.0_CDS_at	1	1	28	0	0.00777817459305211	2.148	2.093	2.136	2.083	2.14	2.085	2.137	2.076	2.138	2.092	2.137	2.077	2.158	2.11	2.138	2.091	2.15	2.104	2.146	2.086	2.168	2.102	2.157	2.094	2.163	2.124
Ag.X.24.0_CDS_at	1	1	24	22	0.00777817459305195	2.13	2.06	2.111	2.051	2.115	2.058	2.113	2.056	2.115	2.064	2.113	2.05	2.128	2.093	2.114	2.064	2.126	2.082	2.119	2.055	2.14	2.088	2.136	2.074	2.136	2.098
Ag.X.139.0_CDS_a_at	1	1	28	22	0.00707106781186533	2.191	2.12	2.171	2.113	2.175	2.126	2.175	2.116	2.176	2.129	2.173	2.112	2.193	2.146	2.173	2.124	2.197	2.143	2.187	2.117	2.212	2.133	2.196	2.127	2.208	2.161
Ag.X.187.0_CDS_at	1	1	28	22	0.00707106781186532	2.072	2.018	2.058	2.008	2.061	2.02	2.058	2.011	2.06	2.022	2.059	2.008	2.076	2.035	2.06	2.017	2.068	2.033	2.064	2.009	2.078	2.019	2.079	2.02	2.077	2.047
Ag.X.60.0_CDS_at	1	1	24	22	0.0067175144212724	2.336	2.273	2.317	2.275	2.321	2.277	2.321	2.267	2.323	2.28	2.321	2.263	2.35	2.29	2.32	2.261	2.331	2.296	2.324	2.266	2.372	2.291	2.337	2.263	2.34	2.305
Ag.X.65.0_CDS_at	1	1	24	22	0.0067175144212724	2.232	2.156	2.212	2.151	2.219	2.169	2.214	2.157	2.217	2.17	2.215	2.158	2.234	2.19	2.213	2.164	2.232	2.185	2.222	2.162	2.255	2.173	2.237	2.177	2.25	2.196
Ag.X.53.0_CDS_at	1	1	24	22	0.00671751442127217	1.846	1.793	1.833	1.783	1.836	1.795	1.836	1.788	1.835	1.802	1.837	1.783	1.856	1.809	1.836	1.792	1.849	1.808	1.839	1.785	1.86	1.804	1.849	1.796	1.851	1.822
Ag.X.52.0_CDS_at	1	1	24	22	0.00636396103067885	1.898	1.849	1.885	1.84	1.889	1.851	1.883	1.84	1.888	1.852	1.886	1.836	1.903	1.865	1.886	1.848	1.895	1.863	1.89	1.842	1.911	1.858	1.91	1.851	1.911	1.871
Ag.X.54.0_CDS_at	1	1	24	22	0.00636396103067885	2.149	2.093	2.141	2.084	2.141	2.098	2.144	2.089	2.145	2.101	2.144	2.09	2.156	2.113	2.14	2.09	2.152	2.114	2.143	2.08	2.165	2.104	2.154	2.098	2.156	2.127
Ag.X.159.1_a_at	1	1	28	18	0.00565685424949239	2.068	2.021	2.055	2.008	2.057	2.036	2.057	2.036	2.066	2.026	2.064	2.026	2.065	2.05	2.068	2.031	2.063	2.047	2.06	2.035	2.073	2.049	2.071	2.022	2.074	2.054
Ag.X.26.0_UTR_at	1	1	28	22	0.00565685424949238	2.067	2.004	2.049	2.014	2.058	2.01	2.052	2.008	2.053	2.024	2.06	1.995	2.068	2.028	2.053	2.008	2.065	2.025	2.059	2.019	2.079	2.016	2.072	2.009	2.077	2.033
Ag.X.22.0_CDS_s_at	1	1	28	18	0.00565685424949223	2.035	1.966	2.013	1.958	2.019	1.976	2.043	1.966	2.018	1.997	2.017	1.965	2.042	1.988	2.015	1.98	2.034	1.985	2.022	1.968	2.039	1.977	2.034	1.971	2.036	2.035
Ag.X.63.0_CDS_at	1	1	24	22	0.00494974746830623	2.063	2.003	2.045	1.996	2.05	2.008	2.045	1.999	2.049	1.997	2.047	1.991	2.064	2.02	2.049	2.005	2.06	2.021	2.055	1.991	2.074	2.028	2.07	2.008	2.07	2.034
Ag.X.40.0_CDS_at	1	1	24	22	0.00494974746830576	1.541	1.501	1.529	1.494	1.532	1.503	1.531	1.501	1.531	1.502	1.526	1.501	1.547	1.512	1.531	1.492	1.542	1.511	1.534	1.493	1.545	1.506	1.542	1.499	1.542	1.517
Ag.X.155.2_CDS_a_at	1	1	24	22	0.00459619407771252	2.277	2.182	2.246	2.202	2.247	2.213	2.246	2.207	2.246	2.21	2.248	2.203	2.263	2.224	2.246	2.19	2.258	2.217	2.256	2.207	2.282	2.219	2.27	2.191	2.259	2.232
Ag.X.30.0_CDS_s_at	1	1	24	22	0.00424264068711929	1.898	1.85	1.886	1.84	1.889	1.852	1.887	1.846	1.887	1.854	1.886	1.844	1.894	1.859	1.887	1.849	1.894	1.864	1.891	1.844	1.901	1.858	1.9	1.851	1.901	1.874
Ag.X.44.0_CDS_at	1	1	28	24	0.00353553390593282	1.406	1.369	1.396	1.363	1.398	1.373	1.398	1.365	1.399	1.37	1.4	1.366	1.405	1.381	1.398	1.365	1.403	1.381	1.401	1.363	1.409	1.376	1.407	1.367	1.408	1.866
Ag.X.59.0_CDS_at	1	1	24	22	0.00353553390593235	2.091	2.054	2.081	2.042	2.083	2.047	2.082	2.048	2.081	2.053	2.081	2.041	2.085	2.063	2.083	2.046	2.087	2.066	2.085	2.047	2.096	2.053	2.095	2.046	2.093	2.068
Ag.X.30.0_CDS_at	1	1	24	22	0.00318198051533943	1.843	1.792	1.833	1.789	1.836	1.797	1.835	1.793	1.834	1.796	1.834	1.783	1.843	1.81	1.834	1.791	1.841	1.807	1.841	1.784	1.849	1.801	1.847	1.795	1.85	1.821
Ag.X.159.0_CDS_a_at	1	1	28	22	0.00282842712474635	1.83	1.778	1.82	1.787	1.813	1.798	1.813	1.784	1.819	1.792	1.818	1.77	1.818	1.803	1.823	1.776	1.824	1.802	1.817	1.788	1.827	1.8	1.826	1.788	1.833	1.809
Ag.X.26.0_CDS_a_at	1	1	20	8	0.00282842712474619	1.639	1.592	1.629	1.596	1.635	1.607	1.63	1.597	1.63	1.596	1.629	1.589	1.634	1.612	1.631	1.591	1.635	1.606	1.634	1.592	1.644	1.605	1.64	1.594	1.641	1.617
