Names	BH.Q	ADJ.P	PER	LAG	AMP	CT18	CT20	CT22	CT24	CT26	CT28	CT30	CT32	CT34	CT36	CT38	CT40	CT42	CT44	CT46	CT48	CT50	CT52	CT54	CT56	CT58	CT60	CT62	CT64
1415904_at	2.92523235370854e-05	1.17009294148341e-07	24	10	5035.94378493247	7924.3	9321.9	13466.6	15809.4	21364.7	NA	14053.2	NA	14082.9	9258.8	8303.9	6213.2	8006.3	8520.9	13240.1	15642.8	22256.6	16833.7	17082.3	12019.6	11227	8511.8	5198.4	8405.5
1415796_at	0.000224323392431275	1.7945871394502e-06	22	13	5208.19499682952	41285.8	41704.7	45942.5	43944	46115	NA	51438.5	NA	48404.6	46231.2	43597.3	36750.7	37394.5	41564.1	45794.2	46753.5	48549.1	53177.4	54359.2	52148	46945	40542.3	34021	36845.4
1415678_at	0.00228569829194045	2.82539771830838e-05	24	18	2566.79761570717	12132.3	12976.3	11746.3	11203.4	11791.3	NA	14130.5	NA	16606.3	16905	16454.2	12152.3	11024.7	12508.1	11165	10858.3	10882.5	13220.6	13816.4	16225	14951.8	19533.7	15438.6	12366.2
1415749_a_at	0.00228569829194045	4.27652032628296e-05	20	18	668.286618899406	8465.3	8158.3	7745.1	7098.3	7743.6	NA	7805.8	NA	8648.4	10045.1	8010.6	7854.7	7995.6	7659.1	6031.8	6434.9	7330.4	8484.1	7919.9	8904.9	8343.6	8029	6366.5	6106.7
1415771_at	0.00228569829194045	6.39995521743327e-05	24	19	2236.72017024929	18716.4	19446.6	18361.4	16881.2	20658.9	NA	18402	NA	22162.4	21912.7	24786.6	20402.5	20340.3	20270.3	17667.3	15565.2	16843.9	18208.3	22320.4	20748.8	23960.8	34453.3	21275.4	19852.6
1415817_s_at	0.00228569829194045	6.39995521743327e-05	26	0	2171.10066095518	18866.4	20181.6	18480.9	13788.8	15653.9	NA	15540.7	NA	13764.8	15660.8	15986.6	18639.4	21923.5	18129.7	17081.2	15123.5	15809.5	14724.7	14692.3	13513.3	14048.8	14232.6	17152.2	16428.2
1415718_at	0.00228569829194045	6.39995521743327e-05	24	16	860.124688635317	4430.9	4639.6	4436.6	4336.2	4681	NA	5352.1	NA	6199.5	5603.3	5429.9	4965.1	5020.7	4344.9	3988.4	5003.9	5254.5	6081.1	5941.3	5883.7	6015.3	6247.6	7065.7	5255.8
1415816_at	0.00433745748740953	0.000138798639597105	22	3	1554.09696136132	12629.6	14599.8	13982.2	11579.8	13645.8	NA	10085.3	NA	10378.4	10553.7	11316.9	11861.9	13574.5	13594.2	11374	10561.9	12042	10312.3	9454.5	9743	10237.5	12419.2	13170	12418.4
1415802_at	0.00657263129047088	0.000289195776780719	26	4	5966.67308566927	26388.5	27430.9	29523.8	27692.8	28394.2	NA	21998.4	NA	13768.3	16489.7	15710.4	25442.4	25331.9	22487.4	21207.3	27433.3	31505.9	23568.8	22851.3	13688.9	14958.4	12318.3	13939.5	18737.3
1415700_a_at	0.00657263129047088	0.000289195776780719	22	4	3739.37511327929	48499.9	49583.8	50437	48816.5	51281.2	NA	42501.7	NA	39303.8	44198.2	44546.8	48627	52382.2	52337.7	47891	44120.3	49448.4	43244.3	48135.7	41724	43853.3	47303.3	48369.2	51480.6
1415673_at	0.00657263129047088	0.000289195776780719	26	2	622.536810156636	3117.3	3964.2	3379	2460.3	2853	NA	2488.9	NA	2064.8	2168.1	2527.7	3260.2	3644.6	3698.8	3021	2720.9	2614.7	2721.5	2708.4	2133.3	1969.8	1803.3	2659	3423.3
1415827_a_at	0.0120964564844958	0.000580629911255796	22	3	9179.51881200752	67732.2	82364.1	63811.7	71652	72044	NA	58073.3	NA	58358.2	59082.2	69091.3	75989.7	86887.4	76888.7	72967.8	63649.3	75889.9	60949.6	59546.6	54730.4	60438.3	73588	84196.9	86934.6
1415731_at	0.0156162282675189	0.000812043869910981	20	0	134.208867069207	1301	1083.2	1025.2	922	1001	NA	726.7	NA	1043.6	1046.7	1243.6	1012.2	1024.7	868.7	868	811.2	819.5	853.8	885.8	1047.1	929.5	973.1	873.5	949.2
1415840_at	0.0201124830497467	0.00112629905078582	26	8	25569.529215461	113649.3	96143.6	114943.6	96965.7	131010.7	NA	92518.8	NA	73354.9	64549.6	53996.2	61128.5	68057.4	96792.9	82124.2	115875.5	79711.1	117621.8	92303.7	93691.9	84220.7	42944.8	28026.9	30679.2
1415909_at	0.0258281663946734	0.0015496899836804	26	0	1742.29343117412	7259.6	5924.8	4032	3828.9	5038.2	NA	2955.9	NA	2847.6	3191.1	5478.1	7520	8605.1	5438.8	2998.1	4023.5	5777.8	3246.8	3416.4	2058.2	2959.6	2977.3	4389.8	3902.9
1415776_at	0.0311142687635695	0.00211577027592273	20	18	5382.28468635765	35777.2	33258.8	26819.5	21942.3	21632.3	NA	29567.4	NA	37413.4	36899.2	34761.1	30129.8	28573.8	29862	24205.9	28776.1	21459.8	30596.4	25187	33276.2	30959.1	32365.4	25271.6	23119.3
1415821_at	0.0311142687635695	0.00211577027592273	26	20	1532.35342783984	12258.5	10992.3	11715.7	10950.8	9226.5	NA	11924.5	NA	12183.8	13825.1	15133	12813.9	13890.5	13260.1	13035.4	11414.6	12533.1	10910.6	13346.6	13577.8	14387.6	15476.6	14011.9	16247.6
1415893_at	0.0377242269424799	0.00286704124762848	28	2	203.151778234895	1688.3	2075.2	1631.1	1317.3	922.1	NA	1504.5	NA	729	1066.4	863.3	1520.8	1183.2	1319.6	1111.7	1391.7	1403.7	1569.5	1573.7	899.1	774.2	267.8	494.7	586.3
1415850_at	0.0377242269424799	0.00286704124762848	22	14	99.0656600442353	394.4	305.1	426.9	391.4	400.2	NA	610.9	NA	579.5	588.3	422	377.4	411.5	344.8	414.8	331.1	538.8	464.1	477.2	593.6	440.1	414.2	226.5	274.8
1415689_s_at	0.0482118989827419	0.00385695191861936	24	6	591.282690428191	3552.3	3156.5	3791.5	3506.7	3925	NA	2686	NA	2200.4	1780.6	2574.4	2386.7	3081.8	3521.8	3098	3662.8	3506.3	3449.3	3870.6	2944.2	2340.5	2542.2	3139.4	2941.2
1415828_a_at	0.0585482846661952	0.00515224905062518	28	24	12266.4641759555	76017.3	86749.5	63771.4	62086.4	46708.4	NA	67794	NA	65201.4	70584.8	77427.6	84098.6	86240	79899.1	72930.6	66083.9	80050.7	66417.1	58774.1	53040.6	59518.4	40507.9	88732.2	89147.5
1415688_at	0.0585482846661952	0.00515224905062518	20	17	1877.08566133781	16261.5	17022.5	16208.9	16527.3	14993.4	NA	20485.5	NA	22574.5	20313.5	19510.6	15762.7	15003.5	14585.7	14171.6	15490.3	15453.1	17126.9	15792.4	18685.7	16856.6	16267.6	14057.3	13264.1
1415792_at	0.0743012699479551	0.00683571683521186	22	20	157.455002500714	1794.6	1589.3	1603.4	1613.4	1566.9	NA	1707.4	NA	1673.6	2048.8	1805.7	1723.6	1742	1385.1	992.2	1357	1543.6	1471.8	1508.5	1613.6	1683.7	1775.1	1646.1	996.6
1415867_at	0.077666774337933	0.00900934582320023	26	21	869.069589417326	28711.6	30752.3	28441.9	26095.3	28417.1	NA	28971.7	NA	29456.4	29670.5	31891.4	30550.6	29322.6	29633.9	28706.7	26722.7	29444.7	28796.1	27558.1	27949.1	27782.9	35639.8	36144.5	32061.4
1415753_at	0.077666774337933	0.00900934582320023	26	19	771.665630308879	8447	7636	8428.7	6214.7	6853	NA	8224.1	NA	9393.8	9188.4	8721	8733.6	8286.2	6982.8	4967.9	6262.7	6735.3	7298.5	6297.6	7877.6	8175.4	7022.7	9718	7355.8
1415745_a_at	0.077666774337933	0.00900934582320023	24	7	352.280598387138	3987	4005.1	4141	4324	4343.6	NA	4148.1	NA	3646.9	3586.2	3846.6	4185.3	3825.1	4064.1	4185.6	4882.6	4617.6	3887.9	4749.6	3970.7	3389.7	3393.5	4204	3588.5
1415855_at	0.077666774337933	0.00900934582320023	26	19	231.577470838594	830.6	675.7	412.4	765.4	513.9	NA	561.6	NA	954.5	1031	1110.2	536.5	925.9	897.3	454.1	843.4	794.5	774	840.4	985.6	891.6	967.7	1168.8	1540.5
1415770_at	0.077666774337933	0.00900934582320023	20	16	117.309014998848	957.2	1138.9	1062.8	1038.9	1034.2	NA	1279.7	NA	1331.9	1206.5	1225.7	1040.6	976.7	953.6	1045.3	864.6	1050.6	1286.2	1192.9	1052.9	1091.3	1043.1	750.9	848.2
1415746_at	0.077666774337933	0.00900934582320023	28	5	33.9411254969542	355	316.6	388.7	374.2	583.3	NA	308.3	NA	311.4	284.7	291.6	311.6	314.1	270.3	316.3	302.8	415.3	324.4	245	301.2	314.8	267.7	225.8	146.3
1415723_at	0.0921716377147862	0.0117979696274926	28	11	3449.30223396704	20305.7	22668.8	25608.1	24474.6	32658	NA	25025.6	NA	27147.3	28193.7	23358	16515.5	18799.6	20571.9	22195.4	19302.3	21507	24039.5	26291.5	29463.2	26604.2	33997.8	21426.7	20246.9
1415743_at	0.0921716377147862	0.0117979696274926	26	6	282.312382388729	928.8	825.5	1107.8	943.3	1108	NA	655.6	NA	532.8	476.9	483.3	705.3	564.3	715.3	569	566.4	725.7	793.8	485.2	485.8	485.6	488.1	491.9	482.9
1415899_at	0.0921716377147862	0.0117979696274926	28	10	43.9643641202736	81.6	84.1	165.8	101.2	117.6	NA	384.4	NA	165.1	94.3	56	71.2	79.3	62.7	75.4	48.3	132.8	109.4	208.4	267.4	171.1	92.1	49.9	50.7
1415706_at	0.106620872279189	0.0153534056082032	26	6	1100.84151462074	25064.7	24524	28173.8	27685.2	27545.8	NA	24885.1	NA	23490.4	26355.3	23144.2	23320.7	26474.3	25112.4	23500.8	23084.2	28656.9	27494.6	25735.2	24698.2	23675.6	21377.7	11428.9	17644.1
1415691_at	0.106620872279189	0.0153534056082032	26	12	776.438601081888	3362.2	3477.5	4108	4063.1	4372.8	NA	4820.9	NA	4395.2	4641.7	3543	2581.2	2645.6	2946.8	2739.2	3167.1	3504.7	4116.6	3972.1	4503.5	4166.4	3559	2035.4	2333.9
1415748_a_at	0.106620872279189	0.0153534056082032	28	1	325.799449431702	3977.2	4303.8	3882.1	3872.4	2933.8	NA	4190.5	NA	3501.7	3739.4	3616.3	3702.6	4300	4688.2	4832.4	3728.5	4633.2	4285.6	4396.9	3047.2	3531.9	1863.6	2330.8	3787.8
1415714_a_at	0.106620872279189	0.0153534056082032	28	17	290.231978338018	2949.3	2796	2898.8	2929.7	3273.2	NA	3347.4	NA	2998.4	3359.2	3396.1	3435	2929.8	2985.4	2664	2601	3178.5	3185	3430.2	2813.9	2868.7	3641.3	4430.9	3780.8
1415736_at	0.130652184083633	0.0198591319807122	26	23	2938.55900591599	35437.2	40774.5	33508.5	29384.5	28014.6	NA	35928.5	NA	34403.2	33460.6	36328.7	37037.5	37963	33601.5	39907.3	31076.5	28872	26990.7	36290.8	29745.3	30354	32725.1	43777	37202.9
1415892_at	0.130652184083633	0.0198591319807122	26	6	975.524515324961	4750.8	4436.7	4548.3	4781.4	5084.1	NA	3901.8	NA	2258.9	2712.9	2367.4	4150.4	4120.8	4029.2	2825.7	3658.7	3574.6	4440	4435.3	2833.4	2632.4	3117.3	1806.1	2079.7
1415775_at	0.145088229538462	0.0255355283987693	20	16	1980.25254071293	19820.5	20374.2	21333.6	19537.8	19008.2	NA	24140.9	NA	24073.3	23174.7	22215	20239.8	20481.5	20636.1	21109.8	19710	22460.9	23177.2	23237.2	23552.5	20924.5	19588.7	19757.2	20731.6
1415683_at	0.145088229538462	0.0255355283987693	20	15	1323.35034099062	16855.4	16138.6	18066.2	16610.8	16910.3	NA	17965.9	NA	19309.5	19584.1	17012	15619.9	16573	15899.7	16287.3	15372	20014.8	19308.7	18083.5	17679.6	18110	14176.4	14062.3	14277.4
1415751_at	0.145088229538462	0.0255355283987693	24	12	1084.41895962769	8943.3	7946.4	9578.7	9657.6	10976.2	NA	10346.1	NA	9871.9	9881.2	8952.7	6857.3	7981.3	8086.3	7884.5	9047.5	9350.8	9115.8	10703	10378	8823.8	10357.2	5727.7	5098.1
1415709_s_at	0.145088229538462	0.0255355283987693	26	7	231.223917448001	2388.5	1902.3	2594	2343.8	3407.2	NA	2101.3	NA	1672.3	1817.7	1767.4	2175.7	2322.5	1587.9	1889.5	2064.3	2716.6	2610.5	2030.4	1603.4	1914.2	1445.5	1608.5	827.9
1415868_at	0.145088229538462	0.0255355283987693	24	1	23.546655813512	179.1	198.1	175	178.4	174.5	NA	183	NA	155.1	157.3	194.1	246.1	336.9	363.5	169.7	181.9	154.5	145.1	170.3	168	89.3	170	184	217.6
1415905_at	0.145088229538462	0.0255355283987693	26	19	1.94454364826301	57.1	57.8	56.3	56.3	55.6	NA	59	NA	60.4	60.6	58.3	59.8	59.2	58.9	4254	58.6	58.3	58.9	59.3	58.5	59.8	61	61.2	62
1415705_at	0.161614523052725	0.0290906141494905	26	11	82.9789807722413	3348.3	3221.5	3296.2	3446.6	2993.3	NA	4503.1	NA	3126.9	4122.5	2990.5	2990.5	3027.6	3383.8	2923.2	3339.2	3905.1	4290.1	4562.9	4117.7	4230.7	3608.1	3691	3105.9
1415773_at	0.170029686980269	0.0326456999002117	28	20	3140.82690067441	12561.3	12220	11234.9	11062.1	8185.7	NA	14605	NA	16496.9	15394.6	17153.2	16821.6	16156.7	15353.8	18234.6	14090.7	16331.2	11614.1	17683.9	14724.6	18964.8	15451.1	18786.5	19024.8
1415733_a_at	0.170029686980269	0.0326456999002117	24	21	838.062957062295	5906.5	5972.9	6280.9	5302.2	6196.5	NA	4808.6	NA	7197.7	6200.5	8394.5	6407.6	5976	6374.9	5796.8	5306.9	5815.4	5961.2	4978.6	5013.7	5681.6	7470	8821.5	7934.4
1415732_at	0.170029686980269	0.0326456999002117	22	17	100.090964876956	2115.1	1991.3	2160.3	1904.4	2077.4	NA	2123.8	NA	2399.7	2264.7	2122.1	2133.6	2133.4	1970.1	1887.5	2122.6	2128.9	2540.5	2132.3	2206.1	2138.8	2198.1	2235	1804.5
1415839_a_at	0.182025855412903	0.0415018950341419	26	18	6975.87356144823	33744.2	35715.3	31213.3	35658.5	33448.8	NA	42381.8	NA	46125.5	44063.2	51653.6	38394.2	41371.2	39224.9	49400.8	38794.6	44673	36068.3	49532	44797.9	47201.9	63577.3	56734.1	51975.6
1415831_at	0.182025855412903	0.0415018950341419	28	7	2570.45689329981	23173.6	24570	24983.3	23609.6	26749.6	NA	23626.5	NA	21698	24325	18937.1	19727.1	20692.3	20737.8	17832.8	20866.3	22116.6	24495.3	23799.8	21260.5	22239	21279.7	15171.3	15857.5
1415670_at	0.182025855412903	0.0415018950341419	28	0	1370.40829727859	11895.2	11911.3	11634.3	11362.2	11402.3	NA	10107.9	NA	8712	9078.2	9414.7	12177.2	12872.9	11006.8	9310.2	8614.1	11399.3	9697.8	9170.1	7142.2	8349	5824.5	6019.2	6411.8
1415785_a_at	0.182025855412903	0.0415018950341419	26	21	930.092904633724	23458.3	26364	21427.7	19936.1	18349.5	NA	22073.1	NA	22212.7	20131.6	23302	22500.6	26958.1	25786	24726.2	21862.3	21731	21666.4	21746.5	21903.5	22671.6	24172.9	26374.2	24469.6
1415674_a_at	0.182025855412903	0.0415018950341419	20	14	470.862405592122	5019.7	4661.2	4287.6	4460.2	3365.7	NA	6065.7	NA	5440.7	5025.1	4916.5	4774	4972	5233.4	4739.4	4875	5942.5	5532.2	5317.3	5222.3	5192.4	3765.3	5000.8	4813.4
1415865_s_at	0.182025855412903	0.0415018950341419	28	15	344.095837394904	2222.2	2289.3	2460.4	3595.5	3202.7	NA	3067	NA	2981.5	8621.4	2527	2890.6	2554.5	2858.6	2020.7	2187.3	2732.6	3088.1	2665.6	3064	2594.1	3677.4	3204	3046.6
1415890_at	0.182025855412903	0.0415018950341419	28	0	343.22963158795	1772.7	1864.7	1502.5	1537.5	2149.3	NA	1464.8	NA	1007	1096.5	1015.5	1673	2603	1948.6	1145	1482	2353.6	1548.4	1448.1	985.6	1089	721.1	790.4	1367.7
1415799_at	0.182025855412903	0.0415018950341419	20	16	317.632366108997	2889	2672.3	2679.3	2711.3	2661.3	NA	3167.9	NA	3600.5	3286.3	2915.9	3251.4	2939.2	2728.9	2014.5	3340.8	3472.5	3276.1	3076.6	3274.3	3536.1	2889.4	1801.4	2090.7
1415737_at	0.182025855412903	0.0415018950341419	28	23	241.830519165799	8326.5	8015.7	7780.1	8435.9	8093.1	NA	7768	NA	8385.3	8119.8	7681.8	9390.3	8547.4	8369.3	8025.4	7662.2	7967.9	7531.5	7345.8	7483.6	7964.8	7952.5	7983.4	8983.5
1415721_a_at	0.218635491350982	0.0524725179242357	20	0	1024.24417254871	7815.5	7183.4	6991.9	5541.4	6554.4	NA	6043.3	NA	7386.3	8739.7	7655.1	7145.7	7891.9	6529.7	4624.7	4976.6	5832	6369.2	4910.1	6989.9	7270.5	7736.7	4732.8	4107.9
1415757_at	0.218635491350982	0.0524725179242357	24	6	401.919494426434	2897.5	2707.7	2968.3	3299.2	4066.8	NA	2716.4	NA	2009.5	2451.9	2352.6	3080.6	3035.3	3015.8	2221	2779.9	3404.3	2922.6	2511.5	2214.5	2496.5	1924.7	2392.5	2399.9
1415815_at	0.218635491350982	0.0524725179242357	28	19	2.05060966544099	61.5	61.6	60.3	60.5	59.7	NA	64	NA	64.4	63.8	63.2	64.9	64.1	63.7	65.9	63.2	61.8	63.8	64.3	63.1	64.7	66.1	66.8	67.9
1415832_at	0.242750489430432	0.0592311194210253	28	18	3.42946788875476	78.4	77.6	74.6	75.4	76	NA	81.9	NA	82.1	80.1	80.4	84.6	82	80.1	84.4	80.8	79.1	82	81.9	80.2	82.7	84.7	87.3	90.6
1415860_at	0.249961064082632	0.0659897209178149	26	19	8012.08551626853	33914.4	32889.5	26613	37844.2	24861.8	NA	33842.3	NA	42140.1	45462.9	47495	38356.7	39801.2	38501.9	35947.8	39188	44020.5	36405.9	33172.1	37247.8	50839.2	46301.1	61503.5	51882.3
1415681_at	0.249961064082632	0.0659897209178149	20	17	730.724147678179	8878.6	8766.3	8589.7	8034.7	8008	NA	9068.1	NA	9978.2	9848.4	9618.7	8649.5	8221.4	6947.5	6418.1	7203.5	8367.1	9385.2	7326.7	7837.7	7983.7	6879.6	7128.7	6268.6
1415685_at	0.249961064082632	0.0659897209178149	26	13	683.34799333868	6848	8010.7	6637.3	7224	8196.2	NA	8121.2	NA	9102.9	7597.9	7334.9	6454.5	8243.2	7751.2	7972.6	7082	9142.5	9741.4	9432.9	9676.5	9916.3	8306.3	8253	8416.9
1415707_at	0.249961064082632	0.0659897209178149	20	16	532.380695555352	3700.9	3760.9	4258.2	3399.1	4507.7	NA	4566.8	NA	4919.7	4626.7	3721.9	3388.7	3708.6	2210.2	2391	2948.6	3829.2	4472.4	3535	3970.7	3701.9	2704.8	1272.7	1031.2
1415744_at	0.249961064082632	0.0659897209178149	22	2	499.712362264534	12692.2	13060.7	13252.5	11834	13573	NA	11316.3	NA	13147.2	11789.3	12784.8	12554.8	14242.8	13534.3	11462.5	11660.3	11625.1	11951.3	11373.4	12097	13072.5	12375.7	14790.6	14159.1
1415716_a_at	0.278910639641519	0.0825575493338897	28	16	12163.4387179366	106889.5	134361.6	112067.1	115156.5	133661.4	NA	124868.2	NA	162236.3	128690.6	151919.5	119593.6	116258.7	115920.7	156981	116460.4	118359.1	128113.7	137068.6	125638.7	134029.5	193860.6	199118.5	163986.2
1415778_at	0.278910639641519	0.0825575493338897	24	2	5856.89475789005	40489.4	44080.7	37628	36067.8	36375.1	NA	35797.8	NA	25543.1	32035.2	34998.1	42458.3	46386.4	43356.4	35330.9	37086.4	45145.2	36120.8	37559.4	26205.3	28661.5	29737.8	47798.7	51216
1415752_at	0.278910639641519	0.0825575493338897	22	2	679.458906042154	14185.1	16681.3	14157.3	14251.4	13317.6	NA	13613.2	NA	14364.9	14237.8	14039.3	14287.1	15149.6	16460	13512.7	13309.9	13334.8	13947.4	13405.4	14172.5	12916.5	16352.1	18273.4	17879.8
1415726_at	0.278910639641519	0.0825575493338897	24	14	588.666395337801	3166.2	2871.1	4141	3929.7	4047.8	NA	3913.7	NA	4300.1	4151.4	3502.9	3161.5	3081.2	3542.6	2502.9	3196.2	3477	3627	3776.2	4288.6	4146.8	4094.3	2354.3	2876.5
1415719_s_at	0.278910639641519	0.0825575493338897	24	21	547.229937960269	3776.7	4262.6	4118.8	4936.1	4494.2	NA	3433.7	NA	4181.9	4649.9	4739.8	4247.3	3817.2	4337.6	3477.7	3213.2	3365.1	3473.1	3726	3970.6	4319.7	5930.4	5710	5324.8
1415725_at	0.278910639641519	0.0825575493338897	22	20	162.775981029143	759.2	870.8	832.3	889.8	815.1	NA	689	NA	907.8	1203	1230.3	1013.1	766.2	642.6	542.5	694.9	1044.5	841.5	528.7	953.2	1050.2	1205.8	901	777.4
1415878_at	0.278910639641519	0.0825575493338897	22	7	69.0489771828664	968.2	955.9	1001.1	1088.3	1104.9	NA	864.3	NA	872.2	854.1	1060.3	856.3	906.5	862.9	1192.8	1046.6	862.5	1051.9	916.4	852.9	845.4	884.8	920.5	1045.4
1415798_at	0.278910639641519	0.0825575493338897	26	21	0.388908729652599	46	45.9	44.7	45.7	44.7	NA	46	NA	46.1	46	46.1	46.7	46.4	46	46.6	46	46	46	46.4	45.8	46.3	46.6	47.5	47.5
1415877_at	0.30886357010334	0.0926590710310021	28	18	0.707106781186548	62.7	62.7	58.8	62.3	61.6	NA	63.5	NA	63.3	62.9	63.2	63.9	63.7	63.2	64.6	62.9	62.9	63.1	63.7	63.2	63.9	64.9	64.7	65.7
1415704_a_at	0.325191749139603	0.102760592728114	22	20	3833.26121615133	23200.9	27271	23943.9	21241.4	23542.7	NA	21700.4	NA	24381.3	28644.1	25511.3	22536.6	19737.9	17347.5	13102.4	16679.1	18724.6	16867.5	16198.2	20594.2	21720	30646.1	21046.6	18862.1
1415759_a_at	0.325191749139603	0.102760592728114	24	21	924.259273688937	11944.7	13611.2	13540.9	10837.6	10624.2	NA	12652.9	NA	14515.7	13486.1	14946.4	12124.9	11461	13254.7	13496.6	11969.1	11897.9	12460.8	11735.1	12834.9	11788.7	13954.9	18466	15578.8
1415788_at	0.325191749139603	0.102760592728114	24	21	736.875976674502	8186.1	7360.5	8497.7	8250.4	7668.3	NA	7779.8	NA	9093.7	9720	10120.7	8916	7715.9	8772.3	8076.3	7940.7	9460.3	7763.5	7873.9	8369.5	8068.1	11614.9	12516.3	11148
1415857_at	0.325191749139603	0.102760592728114	28	19	0.494974746830583	48.7	48.9	47.2	48.6	47	NA	49.3	NA	49.3	49	49.2	49.8	49.5	49.1	49.9	49.1	49	49	49.6	49.2	49.7	50	50.5	50.6
1415848_at	0.359427610796403	0.115016835454849	28	19	4.17193000900063	111.6	125.2	119.6	124.2	119	NA	120.6	NA	128.5	125.3	124.6	130.4	126.5	120	135.7	120.7	115.1	125.1	122.8	125.1	124.3	134.7	136.6	149.6
1415794_a_at	0.388027677382877	0.127273078181584	20	18	932.815265741297	16554.7	18696	16769.5	18354	18066.6	NA	18312.2	NA	18426.7	20316.8	18434	16786.7	17610	17314.1	14546.4	16008.7	16838.2	17477.5	19266.2	19699.4	19372.4	21248.5	16580	14157.4
1415819_a_at	0.388027677382877	0.127273078181584	28	6	445.654048842821	4985.5	4645.2	5827.4	5318.6	5527.9	NA	4963.3	NA	5059.6	5158.7	4159.2	4265.5	5061.5	4062.8	3614.1	4181.6	5265.5	5846.5	4997.8	5120.6	4878.8	3935.9	2382.8	2077.7
1415783_at	0.44564863810525	0.156868320613048	28	17	3770.54084466009	29759.9	34443.2	29176.1	31003.1	26705.3	NA	38632.8	NA	35140.8	39891	34911	34459.9	32997.9	36376.2	38144.7	36221.5	34593.1	34628.8	38629.5	37255.4	36818	41904.5	55420.4	43791.7
1415814_at	0.44564863810525	0.156868320613048	26	8	645.005128128839	3502.2	4310.5	4873.6	4003.3	4329.4	NA	4021.4	NA	3708.4	3369.3	3914.8	3012.9	3079.9	3681.5	3241.3	2951.1	3779.8	4152.2	3598	3772.7	2915.4	2947	2240.8	2362.2
1415686_at	0.44564863810525	0.156868320613048	28	8	447.245039100491	10389.6	10918	10937.6	10684.6	12420.1	NA	10777.4	NA	11259.4	11996	9637.3	9097.8	10220.1	10098.5	8618.6	9479	11062.2	11580.7	11356	12030.5	10828.6	12186.5	7682.9	6957.7
1415722_a_at	0.44564863810525	0.156868320613048	22	11	228.254068967018	2962.7	3045.3	3507.1	3063	3270.2	NA	3364.9	NA	3868.5	3391.4	2953.6	2835.7	3020.2	3493.8	3177.9	2831.3	3829.7	3830.1	3608.8	3492.1	3545.2	2430.1	2965.7	3110.1
1415901_at	0.44564863810525	0.156868320613048	26	2	154.396765672083	840.8	725.6	922.8	795.4	732.4	NA	557.4	NA	426	630.1	591.2	637.9	865	560.5	562.8	582.8	688.9	555.5	559.8	542.5	591.6	526.7	429.2	565.7
1415843_at	0.44564863810525	0.156868320613048	28	19	0.707106781186548	50.2	50.4	49.5	49.9	49.1	NA	50.8	NA	50.8	52.5	50.9	51.2	51	50.8	51.6	50.8	56.9	50.8	50.8	50.8	51.2	51.7	52.3	52.6
1415858_at	0.528649514589026	0.192428423310405	20	17	1536.89658890896	25647.2	25633.8	27980.9	25034.5	27328.2	NA	26714.1	NA	25155.6	27933.6	28137.5	25476.6	24193.8	25550.2	22901.6	21985.6	27251	28475.8	28801.8	27208	26969.1	24997.8	19275.6	24397.2
1415715_at	0.528649514589026	0.192428423310405	20	15	223.587164211186	2631.2	2681.7	2174.8	2481.8	3253	NA	2431.1	NA	3006.2	2824	2545.3	2489.9	2812.3	2362.4	2605.5	2787.3	3541.1	3174.9	2441	3082.6	3097.9	2258.4	1909.2	2204.9
1415844_at	0.528649514589026	0.192428423310405	26	19	5.28562318936944	108.8	111.4	113.2	101.3	112.8	NA	116.4	NA	120.5	115.3	117.8	119.2	120.7	118.4	124.3	115.8	113.5	118.1	117.9	117.6	120.6	125.6	133.9	131.2
1415919_at	0.574438874287596	0.213691261234986	28	20	1.37885822331377	79.4	79.6	78.2	78.5	78.8	NA	96.9	NA	80.2	89.4	94.7	81.2	80.6	77.5	81.3	80.4	80.5	80.4	81	73.8	81.6	81.1	81.9	82.1
1415854_at	0.574438874287596	0.213691261234986	28	19	1.27279220613579	53.5	52.8	52.3	52.8	52.1	NA	54.6	NA	55	53.9	54.4	55.5	55.1	54.5	55.9	54.4	54.4	54.4	54.7	54.4	55.5	57.2	56.5	57.2
1415888_at	0.581569552375164	0.234954099159566	20	2	2026.780166915	14119.7	13418.4	13207.5	10887.9	10341.2	NA	9214.9	NA	9726.1	11274.5	11142	11701.9	12794.3	11330.1	7459.3	9113.7	8487.3	9346.9	8716.6	9871.9	9783.1	9548.1	8052	7560.8
1415908_at	0.581569552375164	0.234954099159566	22	11	1303.7281278127	5967.7	5931.6	6799.8	8938.7	6890.3	NA	10164.6	NA	8569.6	7442.6	7064.8	8214.2	9194.6	6940.2	8690.4	10708.1	10860.1	6819.7	9088.8	8921.5	8149	6315.3	6655.5	8185.6
1415859_at	0.581569552375164	0.234954099159566	24	8	1249.45768235663	17552.9	17847.5	18569.1	18683.1	20753.7	NA	17200.5	NA	17210.3	14665.2	15630.4	13967.4	17899.5	18078	14577.4	14742.4	16799.4	16711.5	16677.5	16080.5	17073.7	13686.8	11364.7	14317.6
1415738_at	0.581569552375164	0.234954099159566	24	4	473.478700682512	7159.7	7453.1	7932.4	7010.1	6658.9	NA	7467.9	NA	7031.2	7209.8	7274	7751.3	7944.2	7580.9	8233.6	8096	7879.4	6761.1	7221.6	7162.8	6279.5	6347.8	7440.7	8408.4
1415795_at	0.581569552375164	0.234954099159566	20	18	382.403347265685	2517.6	2931	2000.8	1820.1	1321.7	NA	2814.3	NA	2645.5	2913	2857.5	2400.3	2104.7	1690.2	1724.1	2229.5	2351.4	1968.4	2366.4	2054.5	1901.7	1614.8	2627.1	1819.1
1415861_at	0.581569552375164	0.234954099159566	28	19	1.48492424049175	58.1	58.3	57.1	57.2	56.3	NA	59.8	NA	60	58.7	59.5	60.6	60	59.2	61	59.1	59.1	59.4	60.1	58.9	60.6	61	61.9	63.2
1415885_at	0.581569552375164	0.234954099159566	26	19	1.27279220613578	56.3	57	56.6	56.3	55.5	NA	58.4	NA	58.4	57.4	58	59	58.8	58.1	59.1	58	57.7	58	58.8	58.1	59.2	59.2	60.9	61.7
1415805_at	0.581569552375164	0.234954099159566	26	19	1.0253048327205	53.5	54.5	53.7	52.9	53.3	NA	55.1	NA	55.2	54.7	54.9	55.8	55.3	54.9	10852.3	54.8	54.6	54.9	55.5	54.8	55.6	56.2	56.8	57.4
1415781_a_at	0.679939190193111	0.285574459881107	20	7	3550.02959494706	112973.2	113736.9	109670.9	130104.4	114862.6	NA	110034.8	NA	116077.5	109969.9	122108.7	122364.1	122440	121270	125555.2	122449.4	120346.9	118356.4	116437.7	111198.6	118157.2	137432.4	141202.9	141638.8
1415813_at	0.679939190193111	0.285574459881107	20	2	1101.24810101993	14033	13740.3	13011.2	12427.7	13389.3	NA	10818.1	NA	10831.5	13815.4	13261.5	12474.9	12326.3	13700	10871.9	11089.4	12108.2	12258	11046.7	10996.5	11359	13650.7	12310.2	11064.4
1415747_s_at	0.679939190193111	0.285574459881107	28	17	732.792435013148	16321	15788.7	15997.1	18383.3	16956.4	NA	18002.1	NA	18284.2	18172.6	18388.4	17476.9	17942.2	19087.5	18609	18216.2	17589.1	16865.4	17835.8	17967.3	17285	19672.9	19719	19621.7
1415690_at	0.679939190193111	0.285574459881107	0	0	0	35569.7	38757.7	37870.6	29491.4	32374.9	NA	38776.4	NA	37158.5	36945.7	36568.4	33802.9	32029.2	36475.2	32628.8	30335.4	30554	32209.6	33879.3	33783.8	32145.2	33237.5	50241.2	40974.4
1415808_at	0.737302637139037	0.315565528695508	28	18	3.21733585439879	87.4	92.6	88.7	85.6	89.7	NA	93.5	NA	94.8	91.2	92.2	94.4	93.4	89.7	97.6	92.3	93	92.8	93.7	90.4	94.2	96.6	101.1	102.3
1415835_at	0.737302637139037	0.315565528695508	26	19	2.86378246380552	75.3	75.5	73.6	72.2	73.4	NA	78.8	NA	79	76.9	77.1	80.1	79.9	77.4	82.7	77.9	76.7	78.4	79.1	77.9	81.9	80.9	84.6	87.5
1415918_a_at	0.771331690870334	0.34555659750991	26	1	4857.8942974297	66555	62436.5	66301.9	56879.8	54968.4	NA	58081.6	NA	50572.3	55493.2	55981.1	61814.1	59218.6	57389.1	47546.4	57760.7	47406.5	54435	48684.2	50820	50136.7	39365.7	49711.3	50703.3
1415764_at	0.771331690870334	0.34555659750991	28	11	2816.47702014414	21289.3	19772.4	23085.6	25775.3	28082.9	NA	19430.8	NA	23384.9	21810.9	23913.6	16917.8	15846.3	19083.8	17533	19405.8	19087.4	23061.1	22350.1	24103.1	25867.9	29220.4	14351.4	15780.6
1415841_at	0.771331690870334	0.34555659750991	22	10	221.112290477034	6481.8	6551.1	7427.2	6392.6	6643.7	NA	7045.2	NA	6740.4	6178.1	6441.3	6369	7282.9	7709.3	7550.9	7041.3	7299.7	7061	7697.1	7334.1	6878.3	5686	6083.5	6758
1415675_at	0.771331690870334	0.34555659750991	26	6	153.671981221366	2291.9	1974.4	2601.3	2781.6	2565.3	NA	2186.3	NA	2348.1	2171.6	1938.3	2216.5	2305.7	2365.8	1774.7	2066.2	2834.8	2401.8	1877.4	2134	2009.1	1697.9	1811.8	1783.4
1415811_at	0.771331690870334	0.34555659750991	28	19	1.06066017177982	51.9	52.4	51.1	51.5	50.5	NA	53.3	NA	53.4	52.4	53	53.8	53.4	52.9	54.2	53	52.9	53	53.5	52.8	53.8	54.2	55.1	55.3
1415810_at	0.84277805032544	0.380935678747099	26	21	1.66170093578839	82.1	87.7	81.8	82.4	81.4	NA	85.5	NA	88.9	84	85.9	87.2	88	93	87.9	85.4	85.2	85.8	86.1	85.6	87.2	87.8	91.1	90
1415876_a_at	0.874610840303126	0.416314759984288	24	2	6993.21535525683	104215	116852.9	116249.4	102151.5	99310.4	NA	103484.8	NA	105864.1	102942.5	109999.4	105242.9	105642.2	109381.9	122835.2	97243.3	97658.9	102002.7	105337	97065.8	93308.8	90365	111787.8	115121.6
1415826_at	0.874610840303126	0.416314759984288	26	18	1572.05747360346	14629.6	16862.1	15946.8	15337.6	20272.8	NA	17575.9	NA	18880.8	19653.4	18583	16762.5	19093.4	19909.5	16138	15118.3	17395.6	14147.1	19889	28793	16514.4	20525.9	21020.1	18146
1415915_at	0.874610840303126	0.416314759984288	22	10	422.460946419903	8165.7	9597.7	8527.4	8519	8795.5	NA	8710.5	NA	8459.1	7629.1	7782.2	7476.2	8307.2	9127.7	8302.1	7016.1	8876.9	8623.8	9100.9	7478.7	7194.7	7097.6	7789	8374.1
1415800_at	0.874610840303126	0.416314759984288	26	15	343.583184978543	931.5	671	1126.1	1084.8	423.2	NA	1668.3	NA	1271.6	1623	1420.3	1340.7	1352.8	1126.5	1894.4	1343.6	1321	1114.4	1838.7	1746	1599.8	2128.6	1418.1	1521
1415756_a_at	0.874610840303126	0.416314759984288	24	11	70.0742820155868	2133	2227.4	2379.7	2008.9	2169.2	NA	2766.2	NA	2152.1	2294.9	2147.2	1936.5	2050	2186.9	2972.7	1564.3	2279.3	2369.7	3123.9	2111.1	2217.4	1558.5	1948.2	1551.9
1415809_at	0.874610840303126	0.416314759984288	26	19	1.4142135623731	58.9	60.4	58.7	59.1	58.4	NA	61.3	NA	62.4	60.2	60.9	62.2	61.5	61	63.3	61.2	60.3	61.4	62.2	60.9	62.2	62.6	64.3	63.6
1415804_at	0.953889230947012	0.457866830854566	28	19	2.05060966544097	181.3	177.8	179.1	181.2	166.2	NA	183.3	NA	184.2	179.3	177.8	185.8	183.9	183	190.4	180.9	177.4	182.3	184.5	180.2	182.9	184.8	193.3	196
1415829_at	1	0.499418901724844	20	0	401.353809001484	5211.3	4690.5	4802.4	4315.9	4005.2	NA	3932.8	NA	4627.1	5275.3	5305.1	4382.8	5370	5264.4	4078.8	4031.4	4274.5	4570	4424.4	3834	4760.7	4551.4	3658.4	4189.5
1415886_at	1	0.499418901724844	28	0	56.2149891043306	555.8	587.1	637.7	306.5	478.9	NA	284.9	NA	308.9	373	291.7	360.2	311	309.6	313	308.6	310.6	308.5	311.1	308.2	234.1	300.6	311.7	291.2
1415787_at	1	0.59660237120437	28	4	737.123464047916	6181.4	5936	7251.4	5571.7	7307.2	NA	4975.5	NA	4206.6	5742.6	4526.7	5188.5	5141.5	4461.8	3255.8	4595.7	5625.8	5214.3	4822.2	5033.6	5138	4534.8	2421.4	2184.2
1415820_x_at	1	0.59660237120437	26	11	321.273966032108	5800.8	5440.5	5631.2	6323.1	6684.6	NA	6101.7	NA	5980.6	5727.3	6260.1	5663.5	6187.3	6395.7	6210.2	6735.4	6595.7	6304.8	7899.4	6861	6731.2	7400.3	6489.2	6189.1
1415730_at	1	0.59660237120437	28	7	319.877430139264	2751.2	2535.8	3382.8	3063.6	3486.9	NA	2442.9	NA	2333.8	2516.1	3086.1	2081.1	2312	2611.4	2102.8	2618.4	2297.3	3323	2863	2417.8	2598	2626.5	1097.1	1332.5
1415917_at	1	0.59660237120437	26	10	190.459211512596	20143.1	20495.8	20509.3	19425.6	21286.2	NA	20942.4	NA	19196.3	21091.4	17157.9	19987.8	19563.8	18874.9	15407.9	20349.4	20400.5	23237.8	19103.4	20596.4	21373.9	16115	10470	11527.4
1415874_at	1	0.653185426350123	26	6	1.90918830920368	54.6	54.6	71.2	57.5	57.4	NA	81	NA	55.1	51.9	54.7	55.2	59.1	53.9	57.6	75.8	54.8	57.3	59	54.6	54.4	55.3	54.3	52.1
1415823_at	1	0.653185426350123	26	21	0.671751442127222	57.7	57.8	57	56.7	55.9	NA	58.1	NA	58.1	57.9	57.6	60	58.6	58.2	59.3	58	58.2	57.8	58.6	57.6	58.7	59.2	59.7	60.1
1415856_at	1	0.653185426350123	28	18	0.636396103067887	51.8	51.3	49.9	51.4	49.1	NA	52.1	NA	52.1	51.2	51.8	52.7	52.3	51.8	53.6	51.8	51.6	51.9	52.4	51.6	52.7	53	53.5	53.8
1415740_at	1	0.709768481495877	26	3	1287.78286989694	17746.1	18873.6	18836.5	16639.7	17925.8	NA	17067.8	NA	15909.5	16919.3	15494.8	17123.6	19387.2	18313	16274.1	14860	16610	17239.5	19840.1	16341.3	15343.1	14091.1	13523.5	16139.1
1415807_s_at	1	0.709768481495877	20	18	491.368502246532	3552.3	3099.1	2704.5	2396	2160.2	NA	2811.5	NA	3103.1	3506.4	3437.9	3899.7	3395.1	2442.7	1908.6	2457.7	3903.5	3670.3	2717.3	2662	2799.3	1492.7	2467.9	2716.6
1415862_at	1	0.709768481495877	26	18	1.09601551083915	49.7	50.2	48.5	49.4	48.7	NA	50.9	NA	51.1	50.3	50.5	51.3	51.1	50.6	51.8	50.6	50.7	50.6	51.1	50.5	51.6	51.8	53.1	52.7
1415875_at	1	0.709768481495877	28	19	0.777817459305203	46.9	47.5	45.8	46.5	45.9	NA	47.9	NA	47.9	47	47.6	48.3	48	47.5	48.6	47.6	47.6	47.6	48.2	47.5	48.3	48.6	48.9	49.5
1415883_a_at	1	0.709768481495877	28	19	0.654073772597557	41.8	42	41.1	41.6	41.1	NA	42.7	NA	42.5	41.9	42.3	43.6	42.7	42.2	6796.3	42.2	42.3	42.2	42.7	42.2	42.8	43.1	43.4	43.6
1415903_at	1	0.775382089451609	28	18	0.777817459305213	77.8	77.2	76.6	77.4	76.7	NA	78.4	NA	78.2	78	78.1	78.9	78.6	77.8	79.2	78.4	78.4	78.1	78.7	78	78.9	79.1	80	80.5
1415760_s_at	1	0.840995697407341	24	3	1855.16535112103	43022.2	45150.9	46247	38893.8	41827.7	NA	39651	NA	40406.1	39787.9	39288.1	40304.5	39415.3	43029.7	44260.2	35361.4	32427.1	40322.2	37067.1	35905.4	37159.5	31591.5	39646.1	38369.9
1415911_at	1	0.840995697407341	22	8	127.597418665112	844	907.2	1087.5	1061	1074.5	NA	758.4	NA	646.9	877.8	993.3	626.4	940	822.7	1033.8	1580.8	1442.5	1044.3	1198.2	823.5	874	961.8	1057.4	1020.3
1415750_at	1	0.840995697407341	26	4	109.194964684732	1406.6	1529.6	1603.9	1495.4	1748.8	NA	1387.9	NA	1187.6	1296.9	1276.5	1742.2	1224.3	1222.7	1126.3	1365.9	1330.3	1143.2	1188.6	1102.6	1223.6	857.7	1036.9	709.8
1415710_at	1	0.840995697407341	26	6	33.8880924883653	4049.1	3279.9	4014.9	4268.5	3623.4	NA	3476.4	NA	3903.4	3441.7	3656.6	3808.4	3898.7	3664.9	3287.4	3485.6	4521.3	4365	2992.9	3112.7	3461.4	2799.3	2377.1	2952.4
1415846_a_at	1	0.840995697407341	28	17	1.3611805537841	54.5	55.2	53.5	54.1	53.2	NA	59.2	NA	56.7	55.4	55.5	57.2	56.7	56	57.6	56	56.1	56.2	56.8	55.9	57.3	58.5	62	60.3
1415902_at	1	0.840995697407341	24	0	0.424264068711925	74	50.1	60	48.8	50.4	NA	50.3	NA	50.4	50.1	49.6	53.1	50.5	50.4	50.8	50.2	50.1	50.1	50.1	49.4	50.7	50.7	50.6	51.1
1415694_at	1	0.916768431119576	28	15	0.371231060122931	68.7	68.5	67.8	68.6	100	NA	69	NA	76.4	68.7	68.8	69.4	69.2	69.2	52.1	68.9	88.4	68.6	75.8	68.9	69.2	69.4	69.3	69.1
1415695_at	1	0.99254116483181	20	13	3507.53247739775	54980	64465.3	58546.9	59638.7	58150.6	NA	71424.4	NA	66686.9	63819.8	62379.3	56591.8	55079.7	63832.2	65331.7	62279.5	63602.2	63738	71147.1	65722.5	59043.9	57670.5	68707.7	62651.6
1415782_at	1	0.99254116483181	24	22	2331.40176825017	36070.4	41679.5	34860.6	34256.7	33787.9	NA	33923.6	NA	35710.1	35345.2	40659.8	37799.7	41002.5	40773.7	42919.1	38583.4	38122	37362.7	37388.4	37077.1	37219.9	41976	53364.9	46040.6
1415677_at	1	0.99254116483181	28	27	2212.413374646	32270.2	30527.7	28200.7	24098.6	17303.9	NA	28857.8	NA	26571.7	30859	25329.6	28373	30148.2	31205.2	27300.8	29360.9	25301.8	32521.7	27873.2	25450.2	26964.2	20854.1	19597.7	24927.5
1415703_at	1	0.99254116483181	20	19	380.494158956481	7808.8	6096.5	9254.8	6746.8	9799.3	NA	6476	NA	6120.4	8456.3	6866.5	6068	5089.5	5479.3	3930.1	4615.1	5945.4	6365	6218.3	6483.5	6900.1	6613.1	2832.3	3459.7
1415895_at	1	0.99254116483181	20	9	252.083567493003	4134.8	4014.3	4227.5	4649.9	3524.1	NA	4363.1	NA	3666.5	3712.8	3657.3	4226.3	4144.7	4684.4	5170.6	5561.4	4192.3	4523.3	4326	5073.1	4213.6	4472.6	6349.3	6320.9
1415679_at	1	0.99254116483181	26	20	217.824243944515	27906.8	28547.9	27405	26748.6	23337.6	NA	28164	NA	28332.6	27519.3	29510.5	26687.8	27006.8	26669.2	27089.1	26925	25732.6	26784.6	26252.1	27137	26775.4	25142.1	28715.4	27471.2
1415765_at	1	0.99254116483181	20	17	191.413805667198	2612.1	2228.9	2308.1	2029.2	2763.6	NA	2291.1	NA	3130	2579.2	2486.9	2250.9	2447	1689.3	1090.1	2017.9	2288.6	2003.2	2000.9	2385	2396.2	1983.1	1252.6	1359.8
1415779_s_at	1	1	26	23	18696.1154266067	92164.7	42731.3	35553	55255.7	50689	NA	36892.5	NA	40891.7	42222.3	66963.3	129282.8	77498	40959.6	23021.9	43999	93558.3	48465.7	35523.5	35328.8	38362.4	34838.1	74493.4	62806.5
1415889_a_at	1	1	20	9	17198.9582388004	158454	173968.8	152015	197659.6	221612.6	NA	190061.9	NA	145191.5	150246.7	163583.9	177826.6	203786.6	173814.4	160698.7	176639	272284.4	157277.4	231146.5	165950.4	175353.5	195574.5	198531.3	216459.9
1415897_a_at	1	1	22	11	10647.0482256821	479185.5	465239	463421.5	487856.4	470542.1	NA	486721.7	NA	481538.8	473821.7	464319.4	489860.5	463641.3	488838.8	499709.5	535122	496707.4	485834.5	494219.8	497538.3	483718.6	529719.5	533798.5	533967.1
1415833_x_at	1	1	26	8	10457.3668316288	156904.8	180670.9	184783.6	158116.5	186127.6	NA	158816.7	NA	169915.8	156011.3	166674.9	154091.8	149664.6	162770.4	174530.2	148589.3	149137.8	163290.2	160058.6	146120.7	140102.9	156598.9	162842	165989.8
1415701_x_at	1	1	24	0	10279.4941208213	199977.6	208827.5	222962.2	198772.7	205494.5	NA	188183.5	NA	213968.7	190867.5	214439.1	191714.2	210875.8	208612.3	237387.2	188366.8	196427.8	200816.4	207626.6	196131.8	195351.5	226449.1	222164	220554.1
1415880_a_at	1	1	26	9	6743.04097607304	88461.4	86277.2	98043	97256.5	99077.4	NA	88295.6	NA	83514.3	88466.8	81406.4	83248.5	84828.1	82795.8	70420.9	81135.2	80294.1	91655	80415	91886.2	87969.3	105254.8	64633.4	65284.4
1415838_at	1	1	26	15	5232.73160213669	46246.4	49999.5	40419.6	43724.8	37790.9	NA	54614.4	NA	50048.6	51124.1	54766.2	43723.6	47721.9	47402.6	50683.3	47801.8	51071.9	47655.7	56519	48477.5	49584.6	48279.9	64630.3	53424.3
1415891_at	1	1	28	23	5133.96646247445	72370	69039.6	62439.3	65426.7	63208.5	NA	63499.7	NA	71822.3	62266.6	72695.9	69094.5	70936	77046.1	73782.9	72707.1	67663.9	63755.6	69941.2	72355.7	74198	72038.5	65924.2	69611.5
1415879_a_at	1	1	20	0	4977.46605412833	131094.5	128730.5	135934.3	123170.3	124772.9	NA	128895.1	NA	135436.1	123223.1	125719.8	125094.3	131296.8	102677.5	99164.3	106598.2	123560.3	131023.5	120799.4	119821.3	121702.3	109834.7	96393.1	81617.9
1415872_at	1	1	28	5	4946.03515770461	22682.2	20165	26280.3	23808.5	25837.5	NA	15874.4	NA	15784.6	16206.4	24467.1	18848.6	18666.4	26890.3	22256.7	22249.5	23739.5	21912.2	22704	19477	21396.9	27247.1	20538.6	24722.8
1415692_s_at	1	1	26	18	4629.03918769868	80219.8	76759.3	80695.2	81615.3	79208.7	NA	89383.5	NA	75365.9	87122.8	84738.4	97603.1	83920.3	81640.9	77938.7	82178.3	96304.5	88034	90677	84276.6	83673.3	78638	82441.6	97413.5
1415912_a_at	1	1	26	25	3822.30106104294	56345.6	59404.6	66221.5	50224.1	48695	NA	55278.8	NA	56985.3	54117.9	57445.2	59642.3	57457.4	51647.3	60378.1	51162.3	54439	52751.9	60198.2	52162.9	47831.2	40571.8	51703.3	50055.2
1415906_at	1	1	24	0	2879.6216557041	48615	55493.6	49790.4	55635.9	54142.6	NA	48171.1	NA	50478.6	54857.5	55916.5	48820.9	53281.9	56395.3	64980.2	50785.1	52497	55175.1	60867.7	50791.5	44852.7	59915.6	78565.3	66844.2
1415687_a_at	1	1	26	5	2782.50053930813	49090.1	46543.3	53537.5	44695.7	52286.9	NA	43800.1	NA	45989.1	51320.6	43353.3	42606.1	46304.6	38628.2	30931.9	40998.8	45232.7	46252	43452.1	46557.6	44702.6	40471.3	17045.9	17264.1
1415672_at	1	1	20	15	1882.03540880611	25261.2	23924.7	24070.2	23777.7	21394.7	NA	26731.8	NA	23327.2	24628	23941.4	24972.2	26228.8	26950.2	27288.3	30029.8	27979.2	27107.3	28718.1	28961.6	24287.5	24698.5	23997.6	24108.5
1415916_a_at	1	1	24	12	1841.16463685354	22878.9	23709.8	23442.7	21330.8	25418.7	NA	21758.7	NA	24227.8	22342.3	20273.6	20190	19667.4	18753.4	18650.4	24208	20580.4	25160.3	19801	22178.8	21871	18576.6	9574.8	10577.4
1415724_a_at	1	1	28	23	1836.88664082735	23960.3	21301.2	22511	21295.9	17120.2	NA	24666.3	NA	22259.1	25866.6	23100	23236.1	25364.5	26570.4	25752.6	26606.2	25467.5	21617.1	27995.7	24649.7	25825.8	20354.1	26377.4	27543.2
1415863_at	1	1	22	18	1798.84429599952	49814.5	51498.1	51377.3	51494.8	55640.5	NA	48282.3	NA	45931.2	53351.3	55629.8	52122.2	49360.4	49591	43369.8	48582.4	51152.6	46021.7	56296.4	51039.9	50265.5	66692.5	47620.9	45401.3
1415676_a_at	1	1	20	0	1723.71420049845	31688.7	34335.7	34843.3	26908.4	26995.8	NA	33468.2	NA	29700.4	32161	30214.7	29359.2	29693.3	31731.8	27477.8	27255.6	26964.2	30122.4	30557	28678.8	29046.2	22442.2	34149.9	28907.8
1415711_at	1	1	28	14	1603.39998167956	7941	9674.9	8426.1	8835.8	12371.8	NA	9058.1	NA	10285.4	10681.1	10247.5	8135	7653.4	6778	6524.2	7457.8	8017.2	7737	7535.7	8602.7	7948	10048.7	7822.2	6943.5
1415671_at	1	1	20	3	1557.75623895396	19494.2	18554.1	19133.7	16778.7	17291.2	NA	18236.5	NA	16770.5	21593.4	19196	18017.8	18740.6	15372.9	12742	13372.7	16995.3	16788.3	14914.8	15531.9	15344	13809.1	10924.2	10550.9
1415870_at	1	1	26	8	1526.62586291223	13233.4	16539.8	15856.6	15414.6	18100.5	NA	15407.2	NA	12405.7	15010.2	13811.3	13990.7	14740.3	14962.7	13491.1	13126.7	16381.7	14111.1	18333	14684	13541	16730	16763.3	16983.2
1415887_at	1	1	28	25	1513.4383214431	25541.2	23799.9	23624.1	25807.3	27197.4	NA	22460.6	NA	23793.7	25865.4	27773.3	28162.4	30052.7	26714.9	20542.5	25387	36595.5	29328.3	25224.9	22554.2	25183.7	20427.2	20757.8	25698.8
1415882_at	1	1	26	17	1411.42049058741	59542.1	59975.2	59572.5	54028.9	51270.3	NA	60586.3	NA	60462.9	62074.5	60135.5	55177.1	58693.5	62886	61875.7	61001.6	56325.6	60261.6	59249.8	60141.6	53854.2	56965.6	70678.1	57866.7
1415793_at	1	1	26	24	1394.23779580458	25045.5	22744.4	25802.1	22396.4	20739.8	NA	24151.2	NA	23147.7	28030.2	21916.6	24335.3	25068	21297.9	18125.1	23358.5	24923.6	22856	22712	23113.5	24452.4	20155.5	18442.5	18409.3
1415734_at	1	1	20	3	1313.52155673213	31165.4	31420.6	32147.2	30581.4	31964.6	NA	30357.9	NA	29641.7	33946.7	32825.8	30695	30687.9	29431.6	26596.4	28333.5	28756.2	30971.7	28398.1	30780.9	28887.4	31462	24626.3	26394
1415914_at	1	1	28	14	1182.84822356886	28217.3	28859.2	29382.7	28320.4	31593.4	NA	29162.5	NA	29893.8	32696.5	30030	29448.8	31027.4	24003.1	19038.7	23174.1	28724.4	29297.1	25569	25028.4	27300.6	27173.2	26293.5	23785.5
1415727_at	1	1	20	0	1054.86189617409	16694.9	18235.4	15675	14344.5	14025.3	NA	16261.1	NA	15283.1	15733.4	15037.7	16313.1	15863.9	14142.8	11820	14183.2	13857.8	15532.6	13403.3	14082.5	13415.3	11416.4	15608.6	13202.9
1415735_at	1	1	20	3	1001.0510701258	11474.5	9608.2	10917.2	8857.1	10390.7	NA	9185.8	NA	8812.6	11683.3	9600.9	9597.2	9187.2	7449.7	5854.5	7591.5	7549.4	8190.4	7441.4	8401.3	8698.5	9274	4578.9	5343.2
1415742_at	1	1	20	0	989.17167620186	12085.1	12254.1	11577.6	9724.6	12384.9	NA	11178.2	NA	11081.7	11796.9	10601.9	11102.6	10628.5	9046.9	7223.9	8500.7	9131.7	10049.4	8526.2	9611.8	8788.1	9473.2	7930.8	6525.8
1415767_at	1	1	26	5	905.096679918781	5516.3	4827.2	6193.3	6159.7	5829.4	NA	4252.9	NA	4267	4863.1	5067.1	3442.1	4727.7	4218.1	4372.3	4563	5225.4	4015.5	4261.9	4589	4948.5	3656.6	2612.6	2643.4
1415852_at	1	1	20	3	845.487578264755	5978.2	6495.2	5977.8	4637.8	4469.3	NA	5618.6	NA	5256.5	5797.7	5955.4	6399.1	7094.6	5276.7	3632.3	4101.2	5034.9	5043.4	4145	4173	4369	3870	3875.1	3369.8
1415762_x_at	1	1	28	21	820.933295288052	10229.7	10587.5	10164.2	10621.4	12291.1	NA	10745.1	NA	12979	10599.2	10474.9	12133.3	11765.1	12023.7	12050	10142.3	11505.1	11153	11757.2	10341.8	10226.7	10125	10559.7	11574
1415881_at	1	1	22	9	796.909342397242	34828	37355	37691	35045.8	36475.7	NA	37015.8	NA	34009.8	39729.5	34529.2	33270.4	36233	41327.6	37122.4	37199.2	34215.7	37580.2	37227.5	35694.9	37091.5	37231.6	39219.5	38371.7
1415784_at	1	1	26	17	768.731137166955	4956.3	5923.1	3850.7	3735.4	2280.4	NA	5484.9	NA	5457.6	5277.4	5038.4	4794.3	4162	4945	5043.8	5238.8	5052.7	5114	5394.3	4577.6	4381.3	3808.4	8402	5386.2
1415684_at	1	1	24	0	744.088465842605	9315.4	12712.8	9814.2	9276.5	10201.5	NA	10570.8	NA	8948.4	10541.3	9547.6	10558.3	10135.5	12341.4	10729.7	9624.4	9014.4	9649.9	10942.3	10517.9	10396.3	11448.6	15501.5	12088.7
1415708_at	1	1	28	9	719.728637230727	3700.3	4364.1	5192.4	4243.9	4936.4	NA	4907.1	NA	3562.5	5079	4065.9	3482.1	3066.2	3772.1	3461.5	3258.2	3711.4	3605.6	4471.3	3509.2	3185.9	4214.6	2863.6	2347
1415851_a_at	1	1	26	19	671.75144212722	5522.1	6074.8	5414.9	5399.3	6135.1	NA	5464.6	NA	6387	5913.9	7063	6629	6976.1	5722.1	3972.5	4813.1	5104.3	4657.6	4369	4159.9	4015.2	4622.9	4575.5	4032.5
1415869_a_at	1	1	24	14	662.276211259321	6637.8	5977.9	7309.3	7101	7517.6	NA	6583.1	NA	6823.1	8023.8	6085.6	5499.3	6549.9	5926.9	4134.7	5019.2	7301.1	5930.9	5685.1	6196.5	6843.3	6670.4	2190.5	2403.2
1415789_a_at	1	1	28	21	660.968063714126	4875	5779.5	4932.9	5328.8	4682.9	NA	5348.5	NA	5858.9	5836.9	6693.2	5594.6	6520.1	6215.3	6182.4	6440.9	6659.4	6080.5	5936.6	6238	6695.7	7091.7	9159.6	7406.4
1415729_at	1	1	28	14	656.371869636413	3791.5	3722.5	4099.7	4092.1	4855.1	NA	4662	NA	4888.5	4419.7	4383.3	3430.4	3285.1	3502.7	3599.1	3707.2	3939.5	3835	3548.2	3951.2	4037.5	4796.6	2755.5	3310.8
1415768_a_at	1	1	24	14	603.657059098956	11576.9	11423	11833.6	11588.7	13247.8	NA	12430.6	NA	11215.1	12001.4	11595.3	12208.7	12841.4	10866.2	9424.1	10323.2	10225.7	11731.3	11828.2	12235.2	11978.1	13663.6	10111.9	8472
1415910_s_at	1	1	26	21	558.685067815491	4717.4	3422.7	3487.9	3964.8	3179.7	NA	3731.4	NA	4726.3	4740.6	3921.9	4129.7	4036.7	3957.2	3575.6	4238	3664.1	4305.8	3413.2	3936.5	4603.7	4212.1	3609.7	4412
1415818_at	1	1	20	3	544.896485582354	6627.3	6050	6763.7	5129.8	5819.2	NA	5540.8	NA	5251.3	6364.4	5689.3	5898.7	5585.3	5730.7	4413.2	4316.3	4889.2	5279.4	5349.4	5198	5418	4310.6	2621.8	2804.3
1415702_a_at	1	1	24	14	523.329728756163	3894.4	3697.4	4568.4	4042.2	5888.1	NA	3853.5	NA	4564.1	4318.4	4061.3	3767.9	3874.8	3381.8	2060.8	3604	3862.8	4794.9	3940.4	3556.1	4444.5	4857.4	3094.9	2341.1
1415769_at	1	1	22	16	506.801107745928	8212.1	8449.4	9189.4	8045.7	9047.7	NA	8082	NA	8397.8	10324.8	8903.4	7712.9	7666.6	7550.5	9155.2	6998.1	7708.2	8019.7	8564.8	8932.5	8935.1	9642.3	7039.3	8537.8
1415761_at	1	1	20	4	487.125861559412	11179.8	11517.5	12124.2	10285.6	11846.2	NA	10488.2	NA	12923.1	10925.8	12285.6	11177.1	11996.7	11412.6	11639.9	10499.5	10330	11171.4	11911.7	10177.9	10285	9699.3	10061.9	12176.6
1415728_at	1	1	28	7	481.221519936505	1548.6	993.6	992.1	1341.8	1320.6	NA	636.6	NA	390	749.3	316.9	610.3	420.4	341.3	289.8	310.2	359.3	623.4	379.8	520.5	547.9	506	297.3	298.3
1415754_at	1	1	24	2	469.731034742223	10072.9	10578.1	10591.4	10130.4	10200.4	NA	9838.9	NA	11464.1	9943.9	10715.5	9857.4	9961	9098.2	10766.3	8683.9	9553	10096.3	9045.2	9162.7	9193.1	9096.5	11378.9	10997.1
1415712_at	1	1	24	14	465.488394055105	3988.6	4170.1	4316.6	4158.3	5324.1	NA	4033.8	NA	4601	3975	3512.1	3316.7	3792.3	4816	5008.1	3234.8	3602.9	4315.7	5159.8	5312.4	5234.2	7407.7	3384.9	4691.2
1415766_at	1	1	26	2	402.502857520912	4759	4357.4	4073.1	5234.5	7318.4	NA	4388.9	NA	4197.4	4112.9	4868.5	5516.1	4817.3	5086.3	3652	4423.4	5250.4	5641.6	4443.5	3747	4532.6	4589.8	2881.6	4378.5
1415680_at	1	1	28	7	399.745141074285	4213.7	4142	4110.5	4336.3	4498.3	NA	3804.3	NA	4084.6	4102.6	4067.5	3241.5	3093.3	3200.3	3009.7	2690.8	3718.5	3912.3	3595.5	3549.7	2765.6	2715.5	2037.1	2423.9
1415682_at	1	1	20	3	377.948574544209	3601.8	3474.7	4033.9	2999.9	3417.5	NA	3104.6	NA	2682.6	3251.1	2636.3	3101.6	3266	2829.5	2076.2	1898.2	2876.8	2477.2	2702.2	2838.5	2822.5	2468.6	2344.2	2319.7
1415825_s_at	1	1	28	5	375.031759071815	3991.7	3994.9	4400	3357.9	4194.9	NA	3511.3	NA	3296.8	3718.8	2893.4	3505.6	3492.9	3925.4	2604.9	2764.9	3777.5	3329.6	3420.4	3270.7	3281.2	3927.8	2286.4	2238
1415697_at	1	1	22	10	367.271262148293	5545.4	5329.8	5096.3	5909.5	5077.3	NA	5384.4	NA	5004.8	5067	5190.8	5527.3	4725.2	4757.2	4884.3	4711	6101.3	6208.8	5493.4	4309.3	4375.2	3374.2	4417.6	5258.6
1415696_at	1	1	22	0	334.178664788762	5826.3	5840.1	6134.9	5689.5	6837.8	NA	5246.8	NA	5679.6	6559.9	6660.8	5841.3	6110.5	5957.4	4492.9	5696.7	6255.8	5572.2	5892.6	5892.2	6568.7	7986.6	6187.3	5817.2
1415834_at	1	1	26	5	330.819907578126	3435.6	3261.5	3014.3	3977.1	3066.8	NA	2558.5	NA	2091.5	4662.4	4407.7	2781.6	2302.3	3394.2	2359.6	3985.7	3517.6	3862.7	2934.7	2595.4	3690.9	2915.3	4026.6	1752.5
1415864_at	1	1	26	15	325.658028075465	2038.3	2521.3	2234.9	2648	1786.1	NA	3342.1	NA	1993.8	8338.7	2655.8	2476.4	2466.3	2734.4	2166.8	2054	2669.8	2753.2	2665.9	2410.3	2581.2	2569.6	2688.3	2563.2
1415741_at	1	1	22	9	313.000816692225	3081.4	3338.9	3724.4	3826.6	3631.1	NA	3618.8	NA	3445.6	3582.2	4022.7	4290.2	3183.1	3699.8	3483.6	3842	5064.2	4466.5	3808.7	3282.9	2719	2913.8	3704	4006.7
1415812_at	1	1	26	5	312.558874953984	1964.1	1966.9	2454.6	1784.4	2078	NA	1517.8	NA	1600.2	1429.4	1680.1	1507.6	1594.3	1460	1346.7	1389	1545.9	1765.8	1506.9	1489.3	1378	1593.8	548.9	852.4
1415699_a_at	1	1	26	6	308.121779902038	11603	11831.2	12013	10920.4	10951	NA	11717.9	NA	11449.9	10908.8	11150	11402.6	10477.5	11491.1	10474	10032.6	11504.6	11756	10173.5	11274.1	10961.9	10001.7	10093.6	9793.3
1415713_a_at	1	1	26	10	307.768226511445	2737.6	2431.6	2987.7	3443.7	3374.2	NA	2458.3	NA	3709.1	2890.9	3258.8	2804.6	2745.7	2685.9	2000	2792	3836.6	2383	2044.2	2379.1	2698.3	2347.2	1793.8	1737.3
1415755_a_at	1	1	20	0	296.631294707757	3813.3	3921.8	3926.5	2959.8	3262.9	NA	4096.3	NA	3683	3904.2	3379.3	3567.1	3565.8	2972.7	2699.1	2705.9	3533.2	3609.1	3401.9	3372.3	3408.3	2911.5	1853.6	1594
1415907_at	1	1	26	24	259.755676068878	2234.4	1799.4	2359.3	1858.3	1927.8	NA	1929.5	NA	1880.9	2383.7	2507.2	2205.7	2200	1865	1151.3	1670.9	1937.6	1789.8	1618.2	1599.2	1733.7	1588.8	1634.6	1437.4
1415693_at	1	1	24	13	253.073516986665	5034.8	5002.4	5390.4	4661	5449.6	NA	4705.1	NA	4959.3	5286.4	4359.4	4790.3	5187.9	4818.9	4102.8	4554.4	5536.8	5170.4	4962.8	4731.9	5153.4	5317.5	3961.3	4959.6
1415739_at	1	1	24	6	244.800367646783	2478.8	2364.9	2130.8	2126.8	2933	NA	2362.2	NA	2401.3	2302.7	2005.9	2251.7	2455.5	1727.3	1418.3	2207.3	2643.7	2673	1957	1912.3	1898.5	1681.1	1072.4	1072.1
1415873_a_at	1	1	26	2	231.80728054248	4031.6	3536	3770.5	3496.7	4368.4	NA	3242.3	NA	3252.2	3557.2	3544.4	3886.4	3565.4	3608.7	2681.1	3535.9	3644.2	4115.9	3091.1	3333	3557.5	3515.9	2433.1	2965
1415871_at	1	1	26	5	215.720601270486	2317.9	1811.5	2535.4	1815.9	2443.8	NA	1752.4	NA	1785.1	2357.5	2016.1	1665.4	1884.3	1630.3	1745.7	1483.4	1880.6	2140	1779.2	2176.7	1834.7	1828.3	1144.8	1119.4
1415822_at	1	1	26	2	198.590939496242	761.6	813.4	594.8	633.1	881.2	NA	530.8	NA	315.7	618.4	434.8	736.6	1075.5	576.5	336	509.2	584.7	583.3	509	433.7	556.2	536.7	421	423.5
1415763_a_at	1	1	26	10	189.539972697054	6126.2	6426.4	6676.4	6062.2	7220.7	NA	5646.3	NA	6584.9	6225.7	6093.7	5162.9	6317.4	6191.2	5842.3	5105.5	5664.7	7080.1	6511.5	5981.2	5984.1	8091.1	6631	6331.4
1415791_at	1	1	26	24	166.841845020966	2003.8	2085.5	2303.5	1785.6	1826.7	NA	2002.3	NA	1906.4	2280.9	2179.2	2015.6	2011.4	2329.9	2650	1996.4	2319	2506.7	2503.2	2049.9	2019.6	2001.6	2033.2	2635.7
1415830_at	1	1	20	13	146.158971671259	3365.4	2913.3	2800.6	3104.3	3150.6	NA	2825.6	NA	3178.6	2907.7	3145.4	2910.8	3123.5	3213.1	3282	3120	3663.3	3318.7	3431.6	3076.1	3330.2	3381.1	3325.2	3664.7
1415772_at	1	1	22	21	139.247002885161	1801.3	1750.1	1905.5	1642	1741.1	NA	1539.7	NA	1941.3	1710.2	2741.2	1736.5	2106.3	1921.2	2128.9	1338.1	1895.8	1875.5	1453.4	2097.9	1782.3	1938.3	1734.5	2109.6
1415849_s_at	1	1	22	8	94.4871436360523	2235.6	2069.2	2372.7	2924.8	2393.7	NA	2354	NA	2189.8	2602.4	2719.2	2404.8	2674.8	2423.4	1941.2	1821.1	2771.9	3017.8	2106.5	2299.4	2254.4	1820.9	2148.5	2418.8
1415896_x_at	1	1	22	8	93.0198970650905	1427.7	1443	1822.3	1682.6	1428.8	NA	1456.1	NA	1449.2	1446.6	1327.8	1465.4	1335	1645.1	1470.7	1803.6	1355.3	1562.8	1461.1	1685.5	1466.3	849.9	1478.2	1635.2
1415720_s_at	1	1	22	2	91.3228407902426	1158.5	1294.1	1725.8	1172.1	1092.9	NA	1460.6	NA	1249.2	1261.8	1359.4	1052.3	1221.3	1256.1	1336.9	1140.2	1198	1038.8	900.9	902.8	1164.7	1352.2	665.3	720.4
1415758_at	1	1	28	13	91.0576757472977	893.6	721.1	814.6	835.8	1276	NA	639.2	NA	843.6	821.2	665.9	712.9	673.8	581.8	374.3	592.8	666.5	667.5	561.5	727.6	743	800.9	357.3	401.8
1415774_at	1	1	28	27	75.1477731706003	684.1	685.4	834.4	619.1	660.9	NA	653.2	NA	511.8	692.6	696.1	725.2	766.8	1007.8	701.6	904.2	815.9	781.6	820.3	658.6	650.3	726.1	733.7	1061.4
1415717_at	1	1	26	9	67.0337228564847	1080.5	874.7	1079.5	1076.2	1004.5	NA	1400.7	NA	953.2	1081	779.5	1111.5	1089	964.8	1076.3	1085.2	1088.2	1080.2	1156.3	1079.6	1044.7	1092.5	1066.9	849.8
1415790_at	1	1	28	23	57.770624022941	1208.2	1098.2	1128.6	1236.1	1151.1	NA	1135.7	NA	1248.1	1135.1	1262.5	1219.5	1169.4	1350.2	1178.3	1339.7	1440.7	1178.6	1239.2	1214.1	1190	1311.4	1863	1254.7
1415853_at	1	1	26	2	53.9699250740633	372.8	352.4	454.1	389.6	561.8	NA	327.2	NA	303	319.4	320.8	397.6	350.1	323.3	236.3	322.2	327.1	325	327.5	324.5	325.3	331.2	212.7	210.7
1415866_at	1	1	26	4	42.6031835664895	566.8	475.6	568.3	472.9	606.5	NA	481.4	NA	545.6	398.4	460.1	502.5	520.7	456.3	434.6	477.9	479.9	537.1	462.2	479.1	558.6	485.4	326.9	513.3
1415698_at	1	1	26	9	24.8548033587072	328.3	329.4	459.5	386.1	331	NA	365.9	NA	326.1	371.9	331.5	333.8	340.4	400.8	336.1	330.6	331.6	330.6	498.3	329.9	310.9	358.3	334.3	337.5
1415894_at	1	1	24	18	14.7078210486802	185.3	188.4	191.7	180.5	188.7	NA	188.5	NA	205.6	204.1	202.9	206.1	205.8	203.8	207.1	204.2	205.7	174.1	214.6	251.1	248.2	208.6	237.1	227.2
1415900_a_at	1	1	24	0	8.2731493398826	147.9	132.4	145.6	115.3	113.7	NA	139.5	NA	142.5	135.5	120.8	160.5	141.6	142.4	142	152.5	133.9	162.3	129.1	144.5	125.7	194.9	205.7	154.4
1415884_at	1	1	26	18	5.55078823231439	210.6	206.6	205.3	215.8	212.5	NA	216.6	NA	219	213.8	218.4	220.9	219.9	215.2	4613.1	271.2	214.5	217.7	219.9	218.1	220.5	226.2	229.1	233.5
1415913_at	1	1	22	1	3.99515331370399	110	77.9	102.3	88	77.9	NA	83	NA	83.9	83.3	81.2	83.9	84.8	85.3	100.8	88.4	78.9	79	85	83.8	99.2	84.8	90.7	88.5
1415837_at	1	1	24	20	3.81837661840736	140.9	94	73.2	96.4	102.5	NA	92.5	NA	97.8	92.4	91.4	98.8	97.5	101.3	1697.9	101	100.3	94.6	95.3	108.5	101.1	174.5	106.4	114.9
1415806_at	1	1	28	0	3.81837661840736	76.7	83.9	106.4	83	74.4	NA	80.4	NA	81.8	78.7	79.5	121.2	80.3	86	92.3	79.6	78.8	82.5	80.5	79.3	82	83.7	89.8	95.7
1415847_at	1	1	26	25	3.3587572106361	94.9	64.2	68.3	63.1	63.2	NA	65.2	NA	67.1	61.8	69.6	70.9	65.3	65	67	101.7	65.1	64.9	65.6	65.1	63.7	66.5	67.2	66.9
1415836_at	1	1	26	17	3.00520382004283	80.5	83.7	96.4	87.4	81.3	NA	85.6	NA	114.7	97.5	83.2	86.2	85.4	84.6	88.8	85.2	83.4	84.7	86	84	85.6	86.5	90.4	92.7
1415801_at	1	1	26	13	2.86378246380553	63.4	66.3	60.9	65.9	81	NA	78.8	NA	66.3	66.6	65.7	68.9	68	66	101.3	66.2	66.8	66.6	67.5	66.9	67.4	67.5	68.9	68.8
1415842_at	1	1	28	14	2.66932809897922	98.1	91.8	96.6	95	104.2	NA	101.9	NA	98.7	97.6	114.5	100.4	99.3	106.3	103.2	113.6	96.6	98.4	100	96.1	96.3	102.1	107.6	100.8
1415786_at	1	1	26	18	2.28041936932662	73.5	71.4	73.2	74	72.6	NA	76.6	NA	76.2	72.8	75.7	82	76.7	76	77.9	76.1	75.8	81	76.7	75.9	77.4	78.2	79.7	81.6
1415780_a_at	1	1	22	10	2.26274169979695	83	83.4	82.1	88.3	94.5	NA	85	NA	76.5	83.4	84	85.7	85.6	84.1	85.2	84	104.4	90	85.6	84	86.9	82.1	87.3	88.7
1415898_at	1	1	24	2	2.05060966544099	99.4	99.6	107.5	125.4	88.3	NA	101.9	NA	103.3	100.2	100.9	91.1	102.3	149.2	83.8	101	100.9	101.1	100.9	98.3	98	103.2	109.9	130.5
1415777_at	1	1	24	18	1.34350288425444	68.7	69.5	67.6	69.2	66.9	NA	76.5	NA	70.2	68.9	69.7	70.8	70.2	69.6	4092	70	68	69.7	70.6	69.5	70.8	73.9	73.4	72.4
1415803_at	1	1	26	25	1.21975919754679	58.5	64.1	62.7	57.9	58.2	NA	69.7	NA	59.4	58.8	59.5	65.7	59.8	61.2	60.8	59.5	59.5	59.6	60	69	59.9	60.8	61.4	61.8
1415845_at	1	1	26	18	0.95459415460184	57.7	59	56.4	58.6	56.4	NA	59.2	NA	59.4	58.7	58.9	60	59.5	58.8	60.5	59.3	59.2	59.1	59.5	58.7	59.9	60.5	61	62
1415797_at	1	1	26	18	0.883883476483194	109	109	108.1	108.1	102.3	NA	109.8	NA	109.5	102.1	109	110.7	109.8	108.9	110.8	109.4	109.1	108.8	110.2	109	110.5	110.3	110.4	111.8
1415824_at	1	1	26	18	0.830850467894194	44.2	44.4	44.5	43.8	43.4	NA	45.4	NA	45.2	44.7	45	45.8	45.5	44.9	46.2	45.1	45	45.3	45.9	44.9	45.8	47	47.6	46.5
